1.0046,-0.0011,0.0033,0.0000,-0.1221,-0.0916,0.70358,-0.00012,-0.71061,-0.00017,0,0,30593762,249
1.0044,0.0004,-0.0021,0.0610,0.0000,-0.0305,0.70364,-0.00012,-0.71055,-0.00017,0,0,30624468,248
1.0021,0.0031,-0.0060,-0.0610,-0.0610,0.0610,0.70365,-0.00011,-0.71055,-0.00018,0,0,30637666,248
1.0049,-0.0043,0.0015,-0.1831,-0.0305,0.0305,0.70364,-0.00010,-0.71055,-0.00020,0,0,30659583,248
0.9984,0.0005,0.0033,0.0305,0.0305,-0.1221,0.70368,-0.00009,-0.71051,-0.00020,0,0,30685858,248
1.0011,-0.0017,0.0004,-0.0305,-0.2747,0.1221,0.70371,-0.00010,-0.71049,-0.00019,0,0,30703345,248
1.0039,0.0006,-0.0029,-0.0305,-0.0916,0.0305,0.70369,-0.00010,-0.71050,-0.00019,0,0,30716472,248
1.0018,-0.0062,-0.0045,0.0610,0.0000,0.0610,0.70369,-0.00012,-0.71051,-0.00017,0,0,30734066,246
1.0033,-0.0026,-0.0020,-0.1526,-0.0916,0.0916,0.70368,-0.00014,-0.71051,-0.00017,0,0,30755964,247
1.0045,0.0012,-0.0035,0.1221,-0.1526,-0.0305,0.70369,-0.00016,-0.71050,-0.00014,0,0,30777824,247
1.0046,0.0024,-0.0059,-0.1526,0.1221,-0.1221,0.70373,-0.00019,-0.71047,-0.00012,0,0,30799701,248
1.0027,0.0017,-0.0054,0.0305,-0.0610,0.0000,0.70371,-0.00016,-0.71049,-0.00015,0,0,30825988,247
1.0013,-0.0039,0.0017,-0.0610,-0.0610,0.0610,0.70372,-0.00017,-0.71047,-0.00014,0,0,30847859,247
1.0009,-0.0066,-0.0034,0.0305,0.0305,-0.0610,0.70368,-0.00019,-0.71052,-0.00011,0,0,30874088,249
1.0035,-0.0021,-0.0038,0.0610,-0.0610,-0.0610,0.70370,-0.00021,-0.71050,-0.00010,0,0,30887287,246
1.0055,-0.0017,0.0001,0.0000,0.0000,-0.0305,0.70368,-0.00025,-0.71052,-0.00007,0,0,30904778,247
1.0033,0.0006,-0.0071,-0.1526,0.0000,0.0610,0.70366,-0.00024,-0.71054,-0.00007,0,0,30922341,247
1.0026,0.0028,-0.0039,-0.0305,-0.1526,0.1526,0.70363,-0.00024,-0.71057,-0.00008,0,0,30935475,249
1.0007,0.0013,-0.0060,0.0305,-0.0305,-0.0610,0.70360,-0.00021,-0.71059,-0.00011,0,0,30952914,249
0.9994,-0.0017,0.0007,-0.0916,0.0000,-0.0305,0.70365,-0.00020,-0.71054,-0.00012,0,0,30970389,248
1.0050,-0.0026,0.0005,0.0916,0.0610,-0.1831,0.70363,-0.00024,-0.71057,-0.00010,0,0,30996575,248
1.0013,-0.0042,-0.0045,-0.0305,0.0305,-0.0610,0.70363,-0.00023,-0.71056,-0.00011,0,0,31014119,249
1.0023,-0.0039,-0.0004,-0.0610,-0.1221,-0.0610,0.70369,-0.00025,-0.71051,-0.00010,0,0,31031627,248
1.0052,-0.0004,0.0026,-0.0916,0.0305,0.0916,0.70371,-0.00023,-0.71049,-0.00012,0,0,31044721,248
1.0034,0.0009,-0.0063,-0.0610,-0.0305,0.0000,0.70368,-0.00022,-0.71051,-0.00014,0,0,31066528,249
1.0043,-0.0029,0.0013,0.0916,-0.0610,-0.0916,0.70370,-0.00022,-0.71049,-0.00014,0,0,31092821,247
1.0043,0.0006,-0.0043,-0.0610,-0.1831,0.0000,0.70371,-0.00022,-0.71049,-0.00015,0,0,31105994,247
1.0024,-0.0015,-0.0023,0.1221,0.0000,0.0305,0.70372,-0.00021,-0.71047,-0.00016,0,0,31123487,249
1.0028,-0.0035,-0.0016,0.0916,0.0000,0.0610,0.70372,-0.00019,-0.71048,-0.00018,0,0,31136635,248
1.0018,-0.0020,-0.0066,0.0305,-0.0610,0.1526,0.70372,-0.00019,-0.71048,-0.00018,0,0,31154111,249
0.9977,-0.0020,-0.0020,-0.0305,-0.0305,-0.0305,0.70371,-0.00020,-0.71049,-0.00018,0,0,31171707,249
1.0026,-0.0027,0.0026,0.0000,-0.1526,0.0916,0.70370,-0.00021,-0.71050,-0.00017,0,0,31184819,247
1.0016,-0.0042,0.0034,-0.0916,-0.0305,0.0916,0.70368,-0.00024,-0.71052,-0.00015,0,0,31202437,247
1.0010,-0.0043,-0.0049,-0.0305,-0.1221,-0.1221,0.70366,-0.00021,-0.71053,-0.00018,0,0,31220026,247
1.0032,-0.0002,-0.0018,-0.0305,-0.0305,0.0000,0.70366,-0.00018,-0.71054,-0.00022,0,0,31246309,246
1.0044,-0.0024,0.0074,0.0305,0.0000,0.0305,0.70371,-0.00019,-0.71049,-0.00021,0,0,31263816,248
1.0018,-0.0029,-0.0027,-0.0916,-0.1221,-0.0916,0.70375,-0.00021,-0.71045,-0.00020,0,0,31281345,248
1.0033,0.0017,-0.0026,-0.0305,-0.0305,-0.0305,0.70376,-0.00021,-0.71044,-0.00021,0,0,31294439,248
0.9988,-0.0037,0.0009,-0.1221,-0.0610,0.0000,0.70379,-0.00021,-0.71041,-0.00021,0,0,31311904,249
1.0038,-0.0038,-0.0038,0.0305,-0.0305,-0.0305,0.70380,-0.00024,-0.71040,-0.00018,0,0,31329430,248
0.9993,0.0013,-0.0032,0.0305,-0.0916,-0.0916,0.70380,-0.00024,-0.71040,-0.00019,0,0,31342468,248
0.9978,-0.0022,-0.0017,-0.0305,-0.0916,0.0000,0.70380,-0.00026,-0.71040,-0.00018,0,0,31355673,248
1.0046,0.0013,-0.0011,-0.1831,-0.0610,-0.0305,0.70379,-0.00027,-0.71041,-0.00018,0,0,31373070,248
1.0044,0.0013,-0.0059,0.0305,0.0000,-0.0916,0.70380,-0.00027,-0.71040,-0.00018,0,0,31386250,246
1.0049,0.0002,-0.0001,-0.0305,-0.0305,0.0916,0.70384,-0.00026,-0.71036,-0.00018,0,0,31403700,248
1.0049,-0.0054,-0.0054,-0.0305,-0.1221,0.0305,0.70381,-0.00028,-0.71039,-0.00017,0,0,31421233,247
1.0059,-0.0016,-0.0033,0.0305,0.0305,0.1221,0.70382,-0.00027,-0.71038,-0.00018,0,0,31438711,248
1.0044,-0.0007,-0.0023,0.0916,-0.0916,0.0916,0.70379,-0.00026,-0.71041,-0.00019,0,0,31469360,248
1.0042,0.0016,-0.0004,0.0000,0.1526,0.0610,0.70381,-0.00026,-0.71039,-0.00020,0,0,31495583,248
1.0037,0.0027,0.0010,-0.0610,-0.1221,0.1526,0.70379,-0.00024,-0.71041,-0.00022,0,0,31513067,247
1.0004,-0.0039,0.0045,-0.0305,-0.2136,0.0610,0.70383,-0.00027,-0.71036,-0.00019,0,0,31530625,248
1.0022,-0.0006,-0.0059,0.0305,-0.2441,-0.0610,0.70383,-0.00023,-0.71037,-0.00023,0,0,31561353,246
1.0001,-0.0002,0.0018,-0.0305,0.0916,-0.0305,0.70384,-0.00023,-0.71036,-0.00023,0,0,31574466,248
1.0016,-0.0060,0.0009,-0.0916,-0.0610,0.0610,0.70385,-0.00025,-0.71034,-0.00020,0,0,31592062,247
1.0017,0.0009,-0.0013,-0.1221,0.0000,-0.0916,0.70388,-0.00026,-0.71032,-0.00021,0,0,31609610,248
1.0020,-0.0059,-0.0027,-0.0305,-0.0610,0.0610,0.70387,-0.00028,-0.71032,-0.00018,0,0,31631498,249
1.0002,-0.0020,0.0007,0.0305,-0.2747,-0.2136,0.70391,-0.00029,-0.71029,-0.00018,0,0,31653352,246
1.0048,-0.0016,0.0040,-0.0916,-0.0916,-0.0610,0.70390,-0.00029,-0.71030,-0.00019,0,0,31670831,247
1.0006,-0.0023,-0.0005,-0.0305,-0.1831,-0.0916,0.70389,-0.00030,-0.71031,-0.00018,0,0,31688338,245
1.0020,-0.0027,-0.0070,-0.0610,-0.0305,0.1526,0.70387,-0.00030,-0.71033,-0.00018,0,0,31714636,248
1.0051,0.0004,-0.0005,-0.1221,-0.1221,-0.0305,0.70390,-0.00031,-0.71030,-0.00018,0,0,31732077,249
1.0027,-0.0048,-0.0074,0.0000,0.0000,-0.0305,0.70385,-0.00031,-0.71035,-0.00018,0,0,31745071,250
1.0022,0.0001,-0.0052,0.0000,-0.0916,0.0000,0.70385,-0.00030,-0.71035,-0.00019,0,0,31758227,247
1.0050,0.0011,0.0071,0.0610,-0.1221,-0.1526,0.70387,-0.00027,-0.71032,-0.00022,0,0,31780091,248
1.0001,-0.0071,-0.0031,0.0305,-0.0610,-0.0610,0.70389,-0.00026,-0.71031,-0.00023,0,0,31793312,246
1.0012,-0.0017,0.0015,0.0305,-0.0610,-0.0916,0.70388,-0.00025,-0.71031,-0.00024,0,0,31810800,247
1.0055,-0.0023,0.0013,0.1221,-0.0610,0.0305,0.70389,-0.00025,-0.71031,-0.00024,0,0,31828329,248
0.9991,-0.0050,0.0013,0.0000,0.0000,0.0305,0.70392,-0.00022,-0.71028,-0.00027,0,0,31858825,247
1.0065,-0.0059,-0.0034,-0.0916,-0.0916,-0.0916,0.70394,-0.00025,-0.71026,-0.00024,0,0,31876371,247
1.0056,-0.0024,0.0018,0.0000,0.0305,0.0000,0.70398,-0.00024,-0.71022,-0.00025,0,0,31906991,247
1.0024,-0.0042,-0.0005,-0.0610,-0.0610,-0.0305,0.70398,-0.00025,-0.71022,-0.00025,0,0,31920061,247
1.0029,-0.0006,-0.0046,-0.0610,-0.1221,-0.1526,0.70397,-0.00022,-0.71023,-0.00027,0,0,31937508,249
0.9974,0.0006,-0.0027,0.0916,-0.1221,-0.0305,0.70394,-0.00023,-0.71026,-0.00026,0,0,31950631,247
1.0039,-0.0005,0.0001,-0.1221,-0.0305,-0.0305,0.70395,-0.00022,-0.71025,-0.00028,0,0,31968105,249
1.0033,-0.0021,-0.0052,0.0305,-0.0610,-0.0305,0.70396,-0.00023,-0.71024,-0.00027,0,0,31981175,247
1.0013,-0.0026,0.0021,-0.1221,0.0000,0.0916,0.70398,-0.00024,-0.71022,-0.00029,0,0,31998677,247
1.0070,-0.0037,0.0088,-0.1221,-0.0610,0.0916,0.70403,-0.00024,-0.71017,-0.00029,0,0,32016247,246
1.0060,-0.0001,-0.0067,0.0305,-0.0610,-0.0916,0.70401,-0.00024,-0.71019,-0.00030,0,0,32046818,247
1.0084,0.0027,-0.0024,-0.0305,-0.0916,0.0000,0.70402,-0.00023,-0.71018,-0.00031,0,0,32059974,247
1.0045,-0.0055,-0.0040,0.0000,0.0000,-0.0305,0.70401,-0.00023,-0.71019,-0.00031,0,0,32077500,250
1.0060,-0.0016,-0.0028,-0.0305,-0.0305,-0.0610,0.70400,-0.00025,-0.71020,-0.00030,0,0,32090641,248
1.0018,-0.0002,-0.0083,-0.0610,-0.1221,0.0000,0.70399,-0.00023,-0.71021,-0.00034,0,0,32108102,249
1.0012,-0.0020,-0.0012,0.0000,0.0916,0.0916,0.70402,-0.00024,-0.71018,-0.00033,0,0,32125586,248
0.9983,-0.0035,0.0012,-0.0610,-0.0305,0.2136,0.70407,-0.00025,-0.71013,-0.00032,0,0,32156243,246
1.0068,0.0005,-0.0034,-0.1526,-0.0610,0.0610,0.70406,-0.00025,-0.71014,-0.00033,0,0,32169379,249
1.0013,-0.0039,0.0029,-0.1221,-0.0305,-0.0610,0.70407,-0.00028,-0.71013,-0.00032,0,0,32186850,247
1.0039,0.0026,-0.0021,-0.0610,-0.0305,0.1221,0.70408,-0.00029,-0.71012,-0.00031,0,0,32208771,248
0.9983,-0.0033,0.0018,-0.0916,-0.0610,0.0305,0.70410,-0.00029,-0.71010,-0.00031,0,0,32230692,248
1.0012,-0.0017,-0.0015,0.1221,-0.0610,-0.1221,0.70407,-0.00029,-0.71013,-0.00030,0,0,32248091,248
1.0050,-0.0022,0.0004,-0.0305,-0.0610,-0.1221,0.70405,-0.00029,-0.71015,-0.00032,0,0,32261246,246
1.0065,-0.0009,0.0016,-0.1221,-0.0305,-0.0916,0.70407,-0.00028,-0.71013,-0.00033,0,0,32278675,247
1.0033,-0.0039,-0.0034,0.0916,0.0000,0.0305,0.70408,-0.00028,-0.71012,-0.00031,0,0,32296199,247
1.0035,-0.0017,-0.0066,-0.1526,-0.0305,0.0000,0.70405,-0.00028,-0.71015,-0.00032,0,0,32313708,249
0.9976,-0.0040,0.0009,0.0000,-0.0610,0.0916,0.70405,-0.00031,-0.71015,-0.00030,0,0,32326798,248
1.0009,-0.0033,-0.0100,0.0305,-0.0610,0.1831,0.70403,-0.00032,-0.71017,-0.00028,0,0,32340007,247
1.0016,-0.0046,-0.0015,-0.0610,0.0000,0.1526,0.70402,-0.00034,-0.71018,-0.00026,0,0,32357527,249
1.0031,-0.0029,-0.0023,-0.1221,-0.1526,0.0000,0.70400,-0.00034,-0.71020,-0.00026,0,0,32370705,248
1.0026,0.0009,-0.0021,0.0610,0.0305,0.0610,0.70400,-0.00035,-0.71020,-0.00025,0,0,32388292,246
1.0043,-0.0045,-0.0072,0.0610,-0.0916,-0.0305,0.70401,-0.00035,-0.71019,-0.00026,0,0,32405819,247
1.0015,0.0006,-0.0016,-0.0610,-0.0916,0.0916,0.70404,-0.00034,-0.71016,-0.00027,0,0,32418910,247
1.0038,-0.0009,-0.0017,-0.0305,-0.0305,-0.0610,0.70401,-0.00034,-0.71019,-0.00027,0,0,32436467,248
1.0005,-0.0049,0.0012,-0.0305,-0.0916,0.0305,0.70400,-0.00035,-0.71020,-0.00026,0,0,32453968,247
1.0011,-0.0026,-0.0038,-0.1221,0.0000,0.0610,0.70400,-0.00036,-0.71020,-0.00026,0,0,32467118,249
1.0070,-0.0002,-0.0067,-0.0305,0.0610,-0.1221,0.70397,-0.00035,-0.71023,-0.00026,0,0,32484672,248
1.0011,0.0016,-0.0012,-0.0916,-0.0916,0.0000,0.70395,-0.00034,-0.71025,-0.00028,0,0,32502203,245
1.0038,0.0009,-0.0054,-0.0305,0.0610,0.0000,0.70392,-0.00031,-0.71028,-0.00031,0,0,32519675,248
1.0070,-0.0009,-0.0067,0.0000,-0.1526,-0.0305,0.70389,-0.00034,-0.71031,-0.00030,0,0,32545949,247
1.0022,-0.0005,0.0059,-0.0305,0.0916,-0.1831,0.70393,-0.00036,-0.71027,-0.00029,0,0,32559075,249
1.0031,-0.0018,-0.0035,-0.0610,0.0000,-0.0916,0.70393,-0.00039,-0.71027,-0.00025,0,0,32576638,248
1.0023,0.0027,-0.0040,-0.1831,0.0916,0.0916,0.70391,-0.00039,-0.71029,-0.00027,0,0,32589733,248
1.0000,0.0027,-0.0024,-0.0305,0.0000,0.0305,0.70391,-0.00039,-0.71029,-0.00027,0,0,32607291,246
1.0033,0.0029,-0.0056,0.0610,-0.1221,0.0000,0.70390,-0.00039,-0.71030,-0.00028,0,0,32624814,247
1.0027,-0.0009,-0.0032,-0.1831,-0.0305,0.1221,0.70391,-0.00038,-0.71029,-0.00030,0,0,32638015,247
1.0012,-0.0024,0.0021,-0.1221,-0.0916,0.0610,0.70395,-0.00035,-0.71025,-0.00032,0,0,32655519,249
1.0017,0.0024,0.0002,0.0916,-0.0610,-0.0305,0.70393,-0.00036,-0.71027,-0.00030,0,0,32668701,248
1.0024,0.0016,0.0043,-0.0305,-0.0305,0.0610,0.70394,-0.00035,-0.71026,-0.00032,0,0,32686225,246
1.0018,-0.0009,0.0026,-0.0305,-0.0916,-0.2136,0.70398,-0.00036,-0.71022,-0.00033,0,0,32703786,246
1.0049,0.0023,-0.0022,-0.0610,0.0305,0.0000,0.70401,-0.00035,-0.71019,-0.00034,0,0,32721320,246
1.0027,-0.0034,-0.0031,-0.0305,-0.0305,0.0000,0.70402,-0.00034,-0.71018,-0.00037,0,0,32747596,248
1.0021,0.0000,0.0022,-0.0305,0.1221,0.0305,0.70406,-0.00034,-0.71014,-0.00037,0,0,32765067,247
1.0043,-0.0029,-0.0017,0.0000,-0.0305,-0.0916,0.70406,-0.00035,-0.71014,-0.00037,0,0,32778217,247
1.0006,0.0033,-0.0034,-0.1221,0.0305,-0.0305,0.70406,-0.00033,-0.71014,-0.00039,0,0,32795703,248
1.0035,-0.0021,0.0022,0.0916,0.0610,0.0610,0.70409,-0.00035,-0.71012,-0.00038,0,0,32808824,247
1.0051,0.0009,0.0038,0.0916,-0.0305,-0.0916,0.70409,-0.00036,-0.71011,-0.00036,0,0,32826339,248
1.0057,-0.0033,-0.0001,0.0000,-0.0916,-0.0610,0.70408,-0.00038,-0.71012,-0.00035,0,0,32843817,247
0.9991,-0.0013,-0.0015,-0.1221,-0.1526,-0.0305,0.70409,-0.00037,-0.71011,-0.00036,0,0,32856964,247
1.0027,-0.0020,0.0005,0.0916,-0.0305,0.1831,0.70408,-0.00037,-0.71012,-0.00036,0,0,32874471,248
1.0051,-0.0006,0.0012,-0.0305,-0.0305,0.0916,0.70407,-0.00035,-0.71013,-0.00038,0,0,32892069,247
1.0074,0.0005,-0.0054,-0.0305,-0.1221,-0.1526,0.70406,-0.00036,-0.71014,-0.00038,0,0,32918379,247
1.0060,-0.0034,0.0051,-0.0610,-0.0610,-0.0305,0.70410,-0.00038,-0.71010,-0.00037,0,0,32935854,247
1.0007,-0.0009,-0.0021,-0.0305,-0.0610,-0.0610,0.70409,-0.00037,-0.71011,-0.00038,0,0,32953343,246
1.0039,-0.0038,0.0020,0.0000,-0.1526,0.1526,0.70411,-0.00037,-0.71009,-0.00039,0,0,32983908,249
0.9963,-0.0001,-0.0018,-0.1221,-0.1221,0.0916,0.70412,-0.00037,-0.71008,-0.00038,0,0,32997069,248
1.0029,0.0018,-0.0027,0.0610,0.0610,0.0916,0.70410,-0.00037,-0.71011,-0.00039,0,0,33014476,249
1.0065,0.0010,-0.0006,0.0305,-0.0610,-0.0305,0.70408,-0.00037,-0.71012,-0.00039,0,0,33031946,247
1.0005,-0.0055,-0.0065,0.0305,0.0000,0.0610,0.70406,-0.00041,-0.71014,-0.00035,0,0,33058246,247
1.0071,-0.0011,-0.0039,-0.1526,0.0000,0.0000,0.70404,-0.00043,-0.71016,-0.00035,0,0,33075768,249
1.0002,-0.0006,-0.0011,0.0000,-0.0305,0.0916,0.70406,-0.00043,-0.71014,-0.00035,0,0,33093325,246
1.0056,-0.0073,-0.0029,-0.1221,-0.1831,0.0000,0.70405,-0.00044,-0.71015,-0.00034,0,0,33110858,248
1.0065,0.0009,-0.0024,-0.0610,0.0000,-0.0305,0.70403,-0.00043,-0.71017,-0.00036,0,0,33141432,248
1.0028,0.0021,-0.0084,-0.0916,-0.0305,0.0305,0.70399,-0.00042,-0.71021,-0.00037,0,0,33172065,247
1.0020,-0.0015,0.0057,0.0000,0.0305,-0.0305,0.70402,-0.00043,-0.71018,-0.00037,0,0,33185228,247
0.9991,-0.0065,0.0044,-0.1526,-0.0916,0.0610,0.70404,-0.00045,-0.71016,-0.00035,0,0,33202702,248
1.0031,0.0043,-0.0027,0.0610,0.0305,0.0000,0.70400,-0.00042,-0.71020,-0.00038,0,0,33233338,248
0.9960,-0.0001,0.0032,0.0610,-0.0610,0.0000,0.70401,-0.00042,-0.71019,-0.00039,0,0,33246465,249
1.0056,0.0042,0.0009,0.0610,-0.1526,0.0610,0.70402,-0.00042,-0.71018,-0.00038,0,0,33264065,246
0.9984,-0.0034,0.0026,0.0610,-0.1526,0.0000,0.70401,-0.00043,-0.71019,-0.00037,0,0,33281507,248
1.0077,-0.0082,0.0002,-0.0305,0.0610,-0.0305,0.70401,-0.00047,-0.71019,-0.00033,0,0,33294613,248
0.9985,0.0011,-0.0027,0.1221,-0.1221,0.0305,0.70399,-0.00042,-0.71021,-0.00038,0,0,33316567,248
1.0016,0.0002,-0.0056,-0.0610,-0.0610,0.0610,0.70399,-0.00039,-0.71021,-0.00042,0,0,33342819,247
1.0039,-0.0076,0.0007,-0.0610,0.0305,0.0305,0.70400,-0.00039,-0.71020,-0.00042,0,0,33364811,247
1.0081,-0.0006,-0.0028,-0.1221,-0.0916,0.0305,0.70397,-0.00040,-0.71023,-0.00043,0,0,33391079,248
1.0013,-0.0001,-0.0066,0.0305,-0.0610,0.0000,0.70398,-0.00039,-0.71022,-0.00043,0,0,33408586,248
1.0049,-0.0037,-0.0023,-0.0305,-0.1221,-0.0610,0.70400,-0.00039,-0.71020,-0.00043,0,0,33434861,247
1.0032,0.0007,-0.0045,0.0305,-0.1526,0.0916,0.70397,-0.00039,-0.71023,-0.00044,0,0,33452433,248
1.0067,0.0024,-0.0026,0.0610,-0.1831,0.0000,0.70396,-0.00037,-0.71024,-0.00046,0,0,33474383,248
1.0017,0.0020,-0.0015,-0.1526,-0.0305,0.3052,0.70397,-0.00037,-0.71023,-0.00047,0,0,33487472,248
0.9985,0.0001,0.0002,0.0000,-0.1526,-0.0610,0.70400,-0.00040,-0.71020,-0.00045,0,0,33513781,247
1.0033,-0.0020,-0.0029,-0.0305,0.0305,-0.0305,0.70402,-0.00039,-0.71018,-0.00046,0,0,33526906,248
1.0006,-0.0012,-0.0088,-0.0610,0.0000,-0.0305,0.70403,-0.00039,-0.71017,-0.00047,0,0,33544468,248
1.0033,-0.0039,-0.0020,-0.0916,-0.0916,0.0000,0.70403,-0.00041,-0.71017,-0.00046,0,0,33562028,247
1.0065,-0.0035,-0.0035,0.0305,-0.1526,-0.1526,0.70402,-0.00042,-0.71018,-0.00045,0,0,33575074,248
1.0009,-0.0027,0.0013,0.0305,-0.0610,0.0610,0.70404,-0.00042,-0.71016,-0.00046,0,0,33592537,249
1.0037,-0.0023,-0.0022,-0.0305,-0.0305,0.1831,0.70405,-0.00042,-0.71015,-0.00046,0,0,33605698,247
1.0010,-0.0020,0.0048,-0.1526,-0.1221,-0.0916,0.70403,-0.00044,-0.71017,-0.00045,0,0,33623256,246
1.0050,0.0002,0.0021,0.0610,0.0916,0.0000,0.70408,-0.00043,-0.71012,-0.00045,0,0,33640732,249
1.0028,-0.0022,0.0009,0.0000,0.1526,0.0610,0.70410,-0.00044,-0.71010,-0.00045,0,0,33653854,247
1.0050,-0.0052,0.0044,0.1221,0.0000,0.0610,0.70412,-0.00046,-0.71008,-0.00043,0,0,33671420,248
0.9998,0.0007,0.0022,-0.0610,-0.0916,0.0305,0.70412,-0.00046,-0.71008,-0.00043,0,0,33684585,248
1.0039,0.0017,-0.0042,-0.0916,0.0916,0.0610,0.70407,-0.00045,-0.71013,-0.00045,0,0,33702097,249
1.0029,0.0006,0.0054,-0.0610,-0.0305,-0.0916,0.70408,-0.00044,-0.71012,-0.00046,0,0,33715265,246
1.0022,-0.0049,-0.0007,0.0610,-0.1221,0.0000,0.70409,-0.00045,-0.71011,-0.00046,0,0,33732699,249
1.0002,-0.0039,-0.0015,-0.0610,0.0610,-0.0305,0.70407,-0.00045,-0.71013,-0.00047,0,0,33745815,247
1.0027,-0.0034,-0.0070,-0.0305,0.1221,0.0000,0.70405,-0.00046,-0.71015,-0.00046,0,0,33763285,246
0.9971,-0.0052,0.0065,0.0610,-0.1221,0.0305,0.70408,-0.00048,-0.71012,-0.00044,0,0,33780824,247
1.0076,-0.0031,-0.0074,0.0305,-0.1831,0.1221,0.70407,-0.00051,-0.71013,-0.00041,0,0,33793996,246
1.0029,0.0018,0.0043,0.0000,-0.0305,-0.0916,0.70407,-0.00050,-0.71013,-0.00042,0,0,33811529,249
1.0011,0.0015,-0.0059,0.0000,-0.0305,0.1221,0.70409,-0.00050,-0.71011,-0.00043,0,0,33824670,249
1.0000,-0.0024,0.0021,-0.1221,-0.1831,0.0305,0.70409,-0.00049,-0.71011,-0.00045,0,0,33842255,246
1.0043,0.0023,-0.0009,0.1526,-0.0305,0.0610,0.70409,-0.00047,-0.71011,-0.00046,0,0,33855436,247
1.0021,0.0013,-0.0073,0.1221,-0.0305,0.0000,0.70408,-0.00047,-0.71012,-0.00046,0,0,33873011,247
1.0062,0.0006,-0.0026,-0.1221,0.0916,-0.1526,0.70408,-0.00046,-0.71012,-0.00048,0,0,33890508,249
1.0040,0.0012,-0.0012,0.0610,0.0305,0.0305,0.70406,-0.00047,-0.71014,-0.00047,0,0,33903705,249
1.0071,-0.0029,0.0028,0.0610,-0.1221,0.0916,0.70404,-0.00049,-0.71016,-0.00046,0,0,33921256,246
1.0006,-0.0027,-0.0029,-0.0916,0.1831,0.0000,0.70404,-0.00050,-0.71016,-0.00045,0,0,33934421,247
1.0045,-0.0067,-0.0042,0.0916,-0.0305,0.1526,0.70404,-0.00051,-0.71016,-0.00044,0,0,33952012,246
1.0033,-0.0018,0.0006,-0.0305,-0.0305,0.0000,0.70406,-0.00051,-0.71014,-0.00043,0,0,33965251,246
1.0032,0.0013,-0.0026,0.0305,0.0305,0.0000,0.70406,-0.00050,-0.71014,-0.00044,0,0,33982784,247
1.0067,-0.0009,0.0035,-0.0305,0.0305,-0.0610,0.70408,-0.00052,-0.71012,-0.00043,0,0,34000252,246
1.0034,0.0052,-0.0012,0.0610,-0.0305,-0.0305,0.70409,-0.00049,-0.71011,-0.00046,0,0,34013433,248
1.0028,-0.0045,-0.0033,0.0610,-0.1221,0.0000,0.70410,-0.00050,-0.71010,-0.00045,0,0,34035344,248
1.0000,-0.0077,-0.0045,0.0305,-0.0610,-0.0305,0.70408,-0.00051,-0.71012,-0.00044,0,0,34061587,248
1.0007,-0.0029,-0.0010,0.0305,-0.0305,0.0610,0.70406,-0.00053,-0.71014,-0.00043,0,0,34074656,248
1.0054,-0.0065,0.0052,0.0000,0.0000,-0.0305,0.70405,-0.00056,-0.71015,-0.00041,0,0,34092164,247
0.9990,0.0018,-0.0055,-0.0610,-0.0610,0.0305,0.70402,-0.00054,-0.71018,-0.00043,0,0,34105290,246
1.0017,-0.0026,-0.0052,0.0000,0.0916,0.0916,0.70401,-0.00052,-0.71019,-0.00044,0,0,34122857,247
1.0020,0.0023,0.0012,-0.0610,0.0305,-0.1526,0.70402,-0.00050,-0.71018,-0.00047,0,0,34140385,248
1.0031,-0.0009,0.0038,-0.1221,-0.0916,0.0916,0.70405,-0.00050,-0.71015,-0.00047,0,0,34153598,247
1.0038,0.0004,-0.0020,-0.0305,-0.0610,0.0305,0.70405,-0.00050,-0.71015,-0.00048,0,0,34184253,246
1.0052,-0.0022,-0.0055,0.0305,0.0305,0.0916,0.70406,-0.00051,-0.71014,-0.00048,0,0,34206220,246
1.0042,-0.0012,0.0006,-0.0916,0.0610,-0.0305,0.70406,-0.00049,-0.71014,-0.00051,0,0,34232433,248
1.0016,-0.0009,-0.0106,0.0305,0.0000,-0.1526,0.70401,-0.00046,-0.71019,-0.00055,0,0,34249995,246
1.0038,-0.0068,-0.0035,0.0000,0.0305,-0.0610,0.70401,-0.00047,-0.71019,-0.00053,0,0,34263200,245
1.0038,0.0000,-0.0032,-0.0610,-0.0610,-0.0305,0.70401,-0.00048,-0.71019,-0.00054,0,0,34280690,248
1.0071,0.0007,-0.0005,-0.0916,-0.0610,0.1526,0.70402,-0.00048,-0.71018,-0.00054,0,0,34293822,247
1.0020,-0.0012,-0.0094,0.0305,0.0305,-0.0305,0.70402,-0.00051,-0.71018,-0.00051,0,0,34311378,248
0.9998,0.0002,-0.0033,-0.0610,-0.0916,-0.0610,0.70401,-0.00048,-0.71019,-0.00054,0,0,34324471,248
1.0039,0.0002,0.0011,-0.1831,0.0305,0.0305,0.70401,-0.00049,-0.71019,-0.00055,0,0,34341952,247
0.9966,-0.0002,-0.0070,-0.0305,0.0610,0.0000,0.70404,-0.00050,-0.71016,-0.00054,0,0,34359464,248
1.0004,-0.0035,-0.0033,-0.1526,0.0000,0.0610,0.70404,-0.00053,-0.71016,-0.00053,0,0,34372619,248
1.0007,-0.0005,-0.0071,0.0000,-0.0916,-0.0916,0.70403,-0.00052,-0.71017,-0.00054,0,0,34390114,249
1.0020,0.0001,-0.0009,0.1831,-0.0610,0.0610,0.70403,-0.00051,-0.71017,-0.00055,0,0,34403277,246
1.0004,-0.0022,0.0026,-0.1221,0.0305,0.0305,0.70402,-0.00050,-0.71018,-0.00056,0,0,34420739,248
1.0054,-0.0011,-0.0048,0.0610,-0.0305,0.0000,0.70403,-0.00051,-0.71017,-0.00056,0,0,34433864,248
1.0050,-0.0016,-0.0059,-0.0305,0.0000,-0.2136,0.70402,-0.00050,-0.71018,-0.00056,0,0,34451469,248
0.9996,0.0017,-0.0015,0.0000,-0.0610,-0.0610,0.70403,-0.00048,-0.71017,-0.00058,0,0,34464588,248
1.0032,0.0022,-0.0018,-0.0305,-0.1526,-0.1221,0.70401,-0.00047,-0.71019,-0.00059,0,0,34486476,248
1.0027,0.0005,-0.0026,-0.0305,-0.0916,0.0000,0.70401,-0.00047,-0.71019,-0.00059,0,0,34512674,249
1.0039,-0.0011,-0.0038,-0.0305,-0.1831,0.1221,0.70401,-0.00046,-0.71019,-0.00058,0,0,34534584,248
0.9985,0.0034,-0.0037,0.0000,-0.1221,0.0000,0.70401,-0.00045,-0.71019,-0.00060,0,0,34560761,249
1.0024,0.0017,-0.0024,0.0610,-0.2136,-0.0305,0.70399,-0.00045,-0.71021,-0.00059,0,0,34582590,248
1.0016,0.0034,-0.0042,0.0916,-0.1221,0.0305,0.70402,-0.00043,-0.71018,-0.00062,0,0,34608822,247
1.0012,-0.0031,-0.0011,-0.0305,-0.0305,0.0000,0.70403,-0.00045,-0.71017,-0.00060,0,0,34621935,248
1.0031,-0.0045,0.0007,-0.0610,-0.0305,0.1221,0.70406,-0.00046,-0.71014,-0.00061,0,0,34639436,248
1.0071,0.0024,-0.0027,0.0916,-0.0610,-0.0305,0.70405,-0.00043,-0.71015,-0.00064,0,0,34656930,248
1.0013,0.0048,0.0012,0.0305,-0.0305,0.0000,0.70408,-0.00042,-0.71012,-0.00065,0,0,34670066,247
1.0046,0.0013,-0.0020,-0.0610,-0.1526,0.0000,0.70407,-0.00044,-0.71013,-0.00062,0,0,34687570,248
1.0021,0.0000,0.0018,0.0610,-0.1526,-0.1526,0.70407,-0.00043,-0.71013,-0.00063,0,0,34700711,248
1.0022,-0.0045,-0.0051,0.0610,-0.1221,0.0000,0.70404,-0.00041,-0.71016,-0.00064,0,0,34718247,246
1.0009,-0.0048,-0.0042,0.0610,0.0610,-0.1526,0.70404,-0.00042,-0.71016,-0.00063,0,0,34731409,248
1.0002,-0.0024,0.0006,-0.1221,-0.0305,-0.0916,0.70403,-0.00043,-0.71017,-0.00063,0,0,34748914,247
1.0028,0.0018,-0.0021,0.0000,0.0305,0.0610,0.70404,-0.00039,-0.71016,-0.00067,0,0,34766428,248
0.9988,0.0009,0.0006,-0.0305,-0.2136,0.0916,0.70407,-0.00039,-0.71013,-0.00067,0,0,34796950,247
1.0032,-0.0016,0.0027,-0.0916,0.0000,0.0000,0.70409,-0.00040,-0.71011,-0.00066,0,0,34810060,249
1.0000,-0.0026,0.0048,0.0305,0.0000,0.0000,0.70411,-0.00039,-0.71009,-0.00067,0,0,34827636,248
0.9994,-0.0029,0.0052,-0.0610,-0.1221,0.0000,0.70412,-0.00039,-0.71008,-0.00067,0,0,34840731,249
1.0046,-0.0057,-0.0037,0.0610,-0.0916,0.1526,0.70409,-0.00042,-0.71011,-0.00063,0,0,34858265,247
0.9971,-0.0018,-0.0007,-0.0305,0.0305,-0.0305,0.70412,-0.00044,-0.71008,-0.00062,0,0,34871363,247
1.0076,0.0023,-0.0001,0.0000,-0.0916,0.1221,0.70410,-0.00043,-0.71010,-0.00063,0,0,34888804,248
1.0011,0.0002,-0.0006,0.0000,-0.1526,-0.0610,0.70409,-0.00043,-0.71011,-0.00063,0,0,34906361,247
1.0035,0.0005,-0.0059,-0.0610,-0.0916,0.0916,0.70407,-0.00044,-0.71013,-0.00061,0,0,34919472,248
1.0010,0.0040,-0.0027,-0.1831,-0.0305,-0.0610,0.70407,-0.00042,-0.71013,-0.00064,0,0,34937012,247
0.9976,-0.0070,-0.0010,-0.1526,-0.1831,0.1526,0.70407,-0.00046,-0.71014,-0.00062,0,0,34950063,247
1.0037,0.0037,-0.0013,0.0610,-0.0916,0.1221,0.70406,-0.00045,-0.71014,-0.00061,0,0,34967528,249
1.0013,0.0013,-0.0040,-0.0610,0.0305,0.0000,0.70404,-0.00046,-0.71016,-0.00061,0,0,34980697,248
1.0035,0.0005,-0.0028,0.1221,-0.0610,-0.1526,0.70403,-0.00043,-0.71017,-0.00064,0,0,34998241,246
1.0071,0.0017,0.0059,-0.0610,-0.0305,0.0916,0.70408,-0.00042,-0.71012,-0.00065,0,0,35015790,246
1.0015,-0.0026,0.0005,0.0610,-0.0305,0.0305,0.70408,-0.00044,-0.71013,-0.00063,0,0,35046469,248
1.0052,0.0018,-0.0055,0.0916,0.0916,0.0305,0.70406,-0.00045,-0.71014,-0.00063,0,0,35059584,248
1.0050,-0.0006,-0.0042,-0.0610,-0.0610,0.0610,0.70407,-0.00043,-0.71013,-0.00065,0,0,35077064,247
1.0046,-0.0048,-0.0018,0.0610,-0.0305,0.0000,0.70406,-0.00044,-0.71014,-0.00064,0,0,35094501,249
1.0079,0.0032,0.0011,-0.1221,-0.0305,0.0000,0.70407,-0.00043,-0.71013,-0.00066,0,0,35125231,247
1.0039,-0.0032,-0.0056,0.0610,0.2441,0.0000,0.70408,-0.00044,-0.71013,-0.00065,0,0,35138367,248
1.0011,0.0027,-0.0068,0.0610,0.0610,0.0305,0.70407,-0.00046,-0.71013,-0.00063,0,0,35151473,249
1.0016,-0.0027,-0.0017,-0.1526,0.0000,-0.0610,0.70408,-0.00046,-0.71012,-0.00064,0,0,35168989,246
1.0042,0.0009,-0.0005,-0.0610,-0.0305,0.0000,0.70412,-0.00045,-0.71008,-0.00066,0,0,35186472,249
1.0020,-0.0061,0.0006,0.0610,-0.0610,0.1831,0.70409,-0.00046,-0.71011,-0.00064,0,0,35204063,247
1.0029,0.0071,-0.0056,-0.0610,-0.0305,0.1221,0.70407,-0.00045,-0.71013,-0.00067,0,0,35230256,246
1.0027,-0.0011,-0.0048,0.0000,-0.0610,0.0000,0.70410,-0.00046,-0.71010,-0.00065,0,0,35247778,248
1.0040,0.0004,-0.0012,0.0305,0.0000,0.0610,0.70410,-0.00044,-0.71010,-0.00067,0,0,35265365,248
1.0021,0.0007,-0.0029,-0.0610,-0.0305,0.0610,0.70410,-0.00045,-0.71010,-0.00067,0,0,35278472,248
1.0077,0.0027,0.0040,0.0305,-0.1221,-0.0305,0.70412,-0.00043,-0.71008,-0.00068,0,0,35300434,247
1.0037,-0.0048,-0.0073,-0.1221,-0.0305,-0.0305,0.70410,-0.00044,-0.71010,-0.00067,0,0,35326719,249
1.0051,-0.0038,0.0033,0.0610,0.0000,0.0610,0.70410,-0.00047,-0.71010,-0.00065,0,0,35348522,249
0.9996,-0.0015,-0.0023,0.0305,-0.0610,-0.0610,0.70408,-0.00046,-0.71012,-0.00066,0,0,35370434,248
0.9985,-0.0017,0.0046,-0.0305,-0.1526,-0.0305,0.70412,-0.00047,-0.71008,-0.00066,0,0,35387871,248
1.0006,-0.0028,0.0032,-0.1221,-0.0916,0.0610,0.70410,-0.00048,-0.71010,-0.00065,0,0,35405423,247
1.0052,0.0028,-0.0056,-0.0610,-0.1221,0.0305,0.70408,-0.00046,-0.71012,-0.00068,0,0,35418539,249
1.0026,0.0009,0.0039,-0.0305,-0.0610,0.0305,0.70408,-0.00048,-0.71012,-0.00067,0,0,35436064,247
1.0023,-0.0001,-0.0022,0.0305,-0.0916,0.0916,0.70409,-0.00046,-0.71011,-0.00069,0,0,35453580,248
1.0032,-0.0013,-0.0077,0.1221,0.0305,-0.0916,0.70406,-0.00044,-0.71014,-0.00070,0,0,35484243,246
1.0051,-0.0016,0.0024,0.0305,-0.1221,-0.0610,0.70411,-0.00043,-0.71010,-0.00072,0,0,35497381,248
1.0059,-0.0002,0.0020,-0.1221,0.0916,-0.0610,0.70413,-0.00042,-0.71007,-0.00074,0,0,35514855,247
1.0015,0.0038,-0.0005,0.0305,0.0916,-0.1221,0.70414,-0.00041,-0.71006,-0.00075,0,0,35532443,248
1.0023,-0.0028,-0.0031,-0.2441,0.0000,0.0610,0.70415,-0.00044,-0.71005,-0.00073,0,0,35558820,247
1.0044,0.0010,-0.0005,-0.0610,-0.0305,-0.0610,0.70414,-0.00042,-0.71006,-0.00075,0,0,35576366,248
0.9996,-0.0048,-0.0026,-0.0610,0.0000,0.1221,0.70413,-0.00044,-0.71007,-0.00073,0,0,35593818,247
1.0007,-0.0027,0.0027,0.0610,-0.1221,0.0916,0.70413,-0.00045,-0.71007,-0.00072,0,0,35606996,246
1.0013,0.0018,-0.0007,0.0305,-0.0610,0.0916,0.70412,-0.00044,-0.71008,-0.00072,0,0,35624582,248
1.0006,-0.0029,0.0006,0.0000,0.0305,0.0000,0.70413,-0.00045,-0.71007,-0.00072,0,0,35642073,249
1.0046,0.0005,0.0023,-0.0305,-0.1831,0.0916,0.70414,-0.00046,-0.71006,-0.00072,0,0,35672701,248
0.9980,-0.0021,-0.0018,-0.0610,-0.0610,-0.1526,0.70414,-0.00048,-0.71006,-0.00071,0,0,35685769,248
1.0043,0.0015,-0.0031,0.0610,0.0000,-0.0305,0.70416,-0.00047,-0.71004,-0.00070,0,0,35703229,247
1.0031,-0.0011,-0.0056,0.0000,-0.1221,-0.0305,0.70418,-0.00045,-0.71003,-0.00074,0,0,35733817,248
1.0021,-0.0010,0.0031,0.0610,0.0916,0.0305,0.70422,-0.00049,-0.70998,-0.00069,0,0,35764471,249
0.9993,-0.0050,0.0013,0.0916,-0.1526,0.0000,0.70425,-0.00051,-0.70995,-0.00068,0,0,35777632,248
1.0015,-0.0060,-0.0004,0.0000,0.0305,0.0305,0.70425,-0.00050,-0.70995,-0.00068,0,0,35799468,248
1.0022,-0.0045,-0.0034,-0.0305,0.0916,0.0610,0.70422,-0.00050,-0.70998,-0.00068,0,0,35825770,248
1.0032,0.0005,0.0006,-0.1526,0.0000,0.0305,0.70421,-0.00051,-0.70999,-0.00068,0,0,35843343,249
1.0012,-0.0029,-0.0029,-0.0916,-0.0610,-0.0916,0.70423,-0.00051,-0.70997,-0.00069,0,0,35873967,247
1.0060,-0.0022,-0.0009,-0.0916,-0.1221,0.0000,0.70424,-0.00053,-0.70997,-0.00067,0,0,35887023,247
1.0026,-0.0006,0.0073,-0.0916,-0.0610,-0.0305,0.70428,-0.00053,-0.70992,-0.00067,0,0,35900075,248
1.0026,0.0001,0.0013,0.0305,-0.1221,-0.0610,0.70425,-0.00053,-0.70995,-0.00067,0,0,35917526,249
1.0040,-0.0032,-0.0034,-0.0916,0.0000,0.0610,0.70428,-0.00054,-0.70992,-0.00066,0,0,35935044,247
1.0044,0.0011,-0.0040,-0.0305,-0.0916,0.1831,0.70431,-0.00057,-0.70989,-0.00062,0,0,35952589,248
1.0050,-0.0035,-0.0094,-0.0305,0.0305,0.0610,0.70426,-0.00061,-0.70994,-0.00060,0,0,35983288,246
1.0059,0.0005,0.0063,-0.0610,-0.0916,0.0000,0.70426,-0.00062,-0.70994,-0.00059,0,0,36000709,249
1.0002,-0.0061,-0.0017,-0.0610,-0.0305,0.0610,0.70428,-0.00062,-0.70992,-0.00058,0,0,36027025,247
1.0015,0.0011,0.0020,-0.0305,-0.0610,0.0000,0.70427,-0.00061,-0.70994,-0.00060,0,0,36048884,248
1.0002,0.0039,0.0010,0.0610,-0.0305,-0.0305,0.70427,-0.00062,-0.70994,-0.00059,0,0,36075218,247
1.0035,-0.0010,0.0037,-0.0610,0.0610,0.0610,0.70425,-0.00058,-0.70995,-0.00063,0,0,36092703,248
1.0060,-0.0015,0.0065,-0.0305,0.0305,-0.0305,0.70423,-0.00056,-0.70997,-0.00065,0,0,36110251,246
1.0054,-0.0018,0.0029,0.0916,-0.0610,-0.1526,0.70426,-0.00055,-0.70994,-0.00067,0,0,36140835,247
0.9993,-0.0048,-0.0057,-0.0305,0.0305,0.0305,0.70424,-0.00055,-0.70996,-0.00068,0,0,36153958,247
1.0044,0.0068,-0.0005,-0.0610,0.0000,0.0916,0.70426,-0.00052,-0.70994,-0.00071,0,0,36171471,248
1.0077,-0.0006,-0.0056,-0.0305,0.0305,0.0916,0.70424,-0.00054,-0.70997,-0.00069,0,0,36184607,247
1.0056,-0.0012,0.0062,0.0000,-0.0610,0.0610,0.70425,-0.00055,-0.70995,-0.00070,0,0,36202230,247
1.0079,0.0031,-0.0038,0.0305,-0.1221,0.1221,0.70424,-0.00052,-0.70997,-0.00073,0,0,36215341,249
1.0045,0.0028,-0.0018,-0.0305,-0.0610,0.0000,0.70422,-0.00050,-0.70998,-0.00075,0,0,36232820,248
0.9994,0.0006,-0.0067,0.0305,0.0610,0.1221,0.70421,-0.00049,-0.70999,-0.00075,0,0,36250343,248
1.0028,-0.0016,0.0000,-0.0305,-0.1221,-0.0916,0.70424,-0.00051,-0.70996,-0.00075,0,0,36281007,247
0.9996,0.0000,-0.0049,-0.1221,-0.1831,-0.0610,0.70422,-0.00050,-0.70998,-0.00076,0,0,36294095,249
1.0062,-0.0037,-0.0050,-0.0305,0.0305,0.1221,0.70424,-0.00051,-0.70996,-0.00075,0,0,36311633,247
1.0037,0.0020,-0.0024,-0.0305,-0.1221,0.0610,0.70424,-0.00051,-0.70996,-0.00075,0,0,36324768,248
1.0016,-0.0062,-0.0037,-0.1221,-0.0305,-0.0916,0.70425,-0.00055,-0.70995,-0.00073,0,0,36342338,247
1.0054,-0.0002,0.0040,0.0000,0.0000,-0.0916,0.70429,-0.00055,-0.70992,-0.00073,0,0,36355430,248
1.0009,0.0056,-0.0039,-0.1831,-0.1221,0.0000,0.70429,-0.00054,-0.70991,-0.00075,0,0,36372946,247
1.0000,0.0013,0.0034,0.0610,-0.1526,-0.0305,0.70430,-0.00053,-0.70990,-0.00076,0,0,36390431,249
1.0079,-0.0034,0.0046,0.0305,-0.1221,0.0305,0.70433,-0.00053,-0.70987,-0.00076,0,0,36403611,248
1.0056,-0.0054,0.0005,0.0000,0.0000,-0.0305,0.70431,-0.00053,-0.70990,-0.00075,0,0,36421064,249
1.0049,-0.0009,-0.0034,0.0000,0.0000,0.0305,0.70428,-0.00054,-0.70992,-0.00075,0,0,36438591,249
1.0017,-0.0032,-0.0001,0.0610,0.0000,0.0610,0.70428,-0.00058,-0.70992,-0.00072,0,0,36469333,246
1.0050,-0.0045,0.0026,0.0610,-0.0610,-0.0916,0.70429,-0.00058,-0.70991,-0.00073,0,0,36500021,247
1.0005,-0.0039,-0.0052,-0.0305,-0.1831,0.0916,0.70426,-0.00055,-0.70994,-0.00075,0,0,36530709,249
1.0028,-0.0016,-0.0028,0.0000,-0.0305,-0.2441,0.70426,-0.00057,-0.70994,-0.00073,0,0,36561356,248
1.0016,0.0006,-0.0072,0.0000,0.0305,-0.0610,0.70424,-0.00057,-0.70996,-0.00073,0,0,36578854,248
1.0040,-0.0004,-0.0079,-0.0305,-0.1221,-0.0305,0.70423,-0.00059,-0.70997,-0.00072,0,0,36605066,247
1.0056,-0.0001,-0.0017,0.0305,0.0305,0.0305,0.70425,-0.00059,-0.70995,-0.00073,0,0,36622508,249
1.0048,-0.0026,-0.0046,0.0305,-0.0610,0.0000,0.70425,-0.00060,-0.70996,-0.00073,0,0,36640064,247
1.0040,0.0051,-0.0024,-0.0610,0.0916,0.1221,0.70424,-0.00057,-0.70996,-0.00076,0,0,36653250,246
1.0052,0.0004,0.0038,0.0305,0.0000,-0.0305,0.70429,-0.00055,-0.70991,-0.00079,0,0,36670707,249
1.0031,0.0034,0.0015,-0.0610,-0.2441,0.0610,0.70431,-0.00054,-0.70989,-0.00081,0,0,36683824,247
1.0037,-0.0032,0.0045,0.0305,-0.0305,-0.0610,0.70434,-0.00056,-0.70986,-0.00079,0,0,36710068,247
1.0022,0.0004,-0.0038,-0.0610,-0.1526,0.0610,0.70432,-0.00057,-0.70988,-0.00079,0,0,36723253,246
1.0062,-0.0028,0.0023,0.0305,-0.0610,-0.0305,0.70432,-0.00056,-0.70988,-0.00080,0,0,36745202,247
0.9996,0.0035,0.0004,-0.0305,-0.1221,0.0305,0.70435,-0.00054,-0.70985,-0.00082,0,0,36762706,248
1.0079,-0.0016,0.0020,-0.1221,0.0000,0.0610,0.70433,-0.00054,-0.70987,-0.00083,0,0,36780209,247
1.0023,-0.0023,-0.0009,-0.1221,-0.0610,-0.0610,0.70435,-0.00056,-0.70985,-0.00083,0,0,36797699,249
0.9991,-0.0039,-0.0010,-0.0305,-0.0610,0.0610,0.70430,-0.00056,-0.70990,-0.00084,0,0,36828314,246
1.0033,-0.0042,-0.0039,-0.0305,-0.0305,0.0610,0.70430,-0.00057,-0.70991,-0.00083,0,0,36841436,247
1.0061,-0.0023,-0.0001,0.0000,-0.0305,0.0000,0.70429,-0.00061,-0.70991,-0.00079,0,0,36858888,248
0.9994,-0.0012,0.0051,0.0000,0.0000,-0.0305,0.70433,-0.00063,-0.70987,-0.00077,0,0,36876467,249
1.0051,-0.0027,-0.0020,-0.0305,-0.0305,0.0305,0.70432,-0.00064,-0.70988,-0.00076,0,0,36902715,248
1.0050,-0.0027,-0.0011,-0.1831,-0.0305,0.0610,0.70433,-0.00065,-0.70988,-0.00076,0,0,36920174,246
1.0089,0.0018,-0.0002,0.0610,-0.0610,0.0000,0.70432,-0.00065,-0.70988,-0.00077,0,0,36937630,248
1.0012,-0.0045,0.0022,-0.0916,0.0305,0.0305,0.70433,-0.00069,-0.70987,-0.00074,0,0,36968290,246
1.0009,-0.0040,-0.0017,0.1831,0.0000,0.0916,0.70433,-0.00072,-0.70988,-0.00071,0,0,36981384,248
0.9972,-0.0038,-0.0033,0.0305,-0.1831,-0.0916,0.70433,-0.00073,-0.70988,-0.00070,0,0,36998889,248
1.0032,-0.0020,-0.0040,-0.1526,-0.0916,0.0916,0.70431,-0.00074,-0.70989,-0.00070,0,0,37012011,247
1.0106,0.0005,-0.0050,-0.0610,0.0000,0.0610,0.70430,-0.00076,-0.70991,-0.00069,0,0,37029471,248
1.0027,-0.0018,-0.0032,0.0305,0.0305,-0.0610,0.70432,-0.00077,-0.70989,-0.00067,0,0,37046952,248
1.0076,0.0001,-0.0028,0.0000,-0.1221,0.0916,0.70430,-0.00075,-0.70991,-0.00069,0,0,37060090,249
1.0043,-0.0044,-0.0010,0.0610,0.0610,0.0916,0.70428,-0.00075,-0.70992,-0.00069,0,0,37077672,247
1.0027,0.0012,-0.0055,0.0610,0.0305,-0.1526,0.70428,-0.00074,-0.70992,-0.00071,0,0,37095231,246
1.0060,-0.0015,0.0015,0.1221,-0.0916,0.0610,0.70429,-0.00075,-0.70991,-0.00070,0,0,37125712,249
1.0039,0.0009,-0.0037,-0.0610,-0.0305,-0.0305,0.70427,-0.00075,-0.70993,-0.00071,0,0,37156378,248
1.0033,-0.0009,-0.0017,-0.0916,-0.0305,0.0305,0.70429,-0.00074,-0.70991,-0.00072,0,0,37173851,247
1.0034,0.0017,0.0009,0.0000,-0.0610,-0.1221,0.70433,-0.00073,-0.70988,-0.00073,0,0,37187002,247
1.0062,-0.0010,-0.0043,-0.0916,-0.0305,0.0610,0.70431,-0.00070,-0.70989,-0.00076,0,0,37217739,249
1.0002,0.0027,-0.0057,-0.0916,-0.1831,0.0610,0.70431,-0.00071,-0.70989,-0.00077,0,0,37235287,246
0.9980,0.0015,0.0039,0.0000,0.1221,0.0000,0.70433,-0.00071,-0.70987,-0.00077,0,0,37265849,248
1.0057,-0.0011,0.0021,-0.1221,-0.0305,0.0916,0.70438,-0.00074,-0.70982,-0.00077,0,0,37296468,248
1.0000,0.0013,-0.0083,0.0305,-0.0305,0.0305,0.70437,-0.00072,-0.70984,-0.00078,0,0,37309671,247
1.0010,-0.0059,-0.0026,-0.0305,0.0610,-0.0916,0.70434,-0.00077,-0.70986,-0.00074,0,0,37327255,246
1.0042,0.0026,0.0016,-0.1221,-0.0916,0.0610,0.70434,-0.00075,-0.70986,-0.00076,0,0,37340418,248
0.9963,-0.0020,0.0021,-0.0916,-0.1831,0.0916,0.70435,-0.00074,-0.70985,-0.00077,0,0,37357950,247
1.0046,-0.0016,-0.0049,0.0305,-0.1526,0.0305,0.70433,-0.00075,-0.70988,-0.00076,0,0,37371068,246
1.0016,0.0066,0.0015,0.0000,0.0000,-0.2747,0.70435,-0.00074,-0.70986,-0.00077,0,0,37388624,249
1.0034,-0.0013,0.0007,-0.1221,-0.0610,0.0610,0.70437,-0.00071,-0.70984,-0.00080,0,0,37406079,249
0.9999,-0.0029,-0.0068,0.0000,-0.0610,0.0305,0.70435,-0.00074,-0.70985,-0.00078,0,0,37419285,246
1.0072,-0.0011,-0.0021,0.0000,0.0000,0.0610,0.70432,-0.00075,-0.70988,-0.00076,0,0,37436808,248
1.0007,-0.0020,0.0032,-0.0916,0.0916,-0.1221,0.70431,-0.00075,-0.70989,-0.00077,0,0,37449956,248
1.0034,-0.0032,-0.0017,-0.0305,-0.1221,-0.0305,0.70432,-0.00077,-0.70989,-0.00074,0,0,37467441,248
1.0076,-0.0065,-0.0073,-0.1221,0.0000,0.0305,0.70431,-0.00080,-0.70989,-0.00073,0,0,37484831,248
1.0042,-0.0032,-0.0074,-0.0610,-0.0610,-0.0305,0.70430,-0.00080,-0.70990,-0.00074,0,0,37515436,248
1.0007,0.0017,-0.0007,0.0916,-0.0305,0.0610,0.70430,-0.00076,-0.70991,-0.00078,0,0,37546078,248
0.9994,-0.0035,-0.0012,0.0000,0.0916,-0.1221,0.70428,-0.00078,-0.70992,-0.00076,0,0,37576817,247
1.0042,-0.0024,-0.0029,0.0000,0.0610,-0.1221,0.70426,-0.00079,-0.70994,-0.00075,0,0,37589998,247
1.0056,0.0076,-0.0024,0.0610,0.0610,0.0305,0.70423,-0.00076,-0.70997,-0.00078,0,0,37607471,249
0.9977,-0.0010,0.0043,-0.0305,-0.1526,0.0000,0.70426,-0.00076,-0.70994,-0.00078,0,0,37624936,248
1.0016,-0.0021,0.0000,0.0000,-0.0305,-0.1221,0.70427,-0.00076,-0.70993,-0.00078,0,0,37638062,247
1.0048,-0.0016,0.0039,-0.0305,0.1526,0.0610,0.70428,-0.00074,-0.70992,-0.00080,0,0,37655569,248
1.0000,0.0034,-0.0031,0.1221,0.0000,0.0610,0.70425,-0.00072,-0.70995,-0.00083,0,0,37668704,248
1.0032,-0.0048,0.0013,-0.0610,-0.1526,0.0916,0.70429,-0.00076,-0.70991,-0.00079,0,0,37686249,246
1.0052,0.0004,-0.0027,0.0000,-0.1221,0.0305,0.70426,-0.00074,-0.70994,-0.00081,0,0,37703706,249
1.0067,-0.0045,-0.0020,0.0000,-0.0916,-0.0610,0.70425,-0.00073,-0.70995,-0.00082,0,0,37734381,248
0.9978,-0.0004,-0.0004,-0.0610,0.0610,0.0610,0.70428,-0.00073,-0.70992,-0.00082,0,0,37747436,248
1.0031,-0.0034,-0.0059,0.0000,-0.0610,0.0305,0.70424,-0.00072,-0.70996,-0.00084,0,0,37764906,249
1.0016,0.0007,0.0011,0.0000,-0.0916,0.0000,0.70424,-0.00072,-0.70996,-0.00084,0,0,37778069,249
0.9985,-0.0029,0.0010,-0.0916,-0.0610,-0.1221,0.70426,-0.00072,-0.70994,-0.00084,0,0,37795637,248
1.0070,-0.0004,-0.0018,0.0610,-0.0305,0.1221,0.70429,-0.00075,-0.70991,-0.00082,0,0,37826291,246
1.0033,0.0021,0.0081,0.0000,-0.0305,-0.1221,0.70434,-0.00077,-0.70986,-0.00080,0,0,37843850,247
1.0035,-0.0023,-0.0071,-0.1221,0.1221,0.0610,0.70430,-0.00077,-0.70990,-0.00082,0,0,37857068,246
1.0049,-0.0046,-0.0070,0.0305,0.0610,0.0916,0.70427,-0.00076,-0.70993,-0.00083,0,0,37874612,248
1.0017,-0.0011,-0.0063,-0.1221,0.0000,-0.0305,0.70426,-0.00076,-0.70994,-0.00083,0,0,37887781,246
0.9990,0.0009,-0.0004,0.0305,0.0610,-0.0305,0.70428,-0.00074,-0.70992,-0.00085,0,0,37905321,245
1.0004,-0.0028,-0.0006,-0.0305,0.0610,0.0305,0.70430,-0.00077,-0.70991,-0.00084,0,0,37918470,249
1.0049,-0.0045,0.0017,-0.0610,-0.0610,-0.0305,0.70431,-0.00078,-0.70989,-0.00082,0,0,37936024,247
1.0040,0.0050,0.0049,-0.0305,-0.0305,0.1221,0.70433,-0.00076,-0.70987,-0.00085,0,0,37949222,246
0.9980,0.0021,0.0034,-0.1221,-0.0305,0.0000,0.70431,-0.00074,-0.70990,-0.00087,0,0,37966788,246
0.9993,0.0005,0.0000,-0.0610,-0.1831,0.1526,0.70431,-0.00075,-0.70989,-0.00087,0,0,37984322,247
0.9994,0.0012,-0.0022,0.0000,-0.0916,0.0916,0.70432,-0.00073,-0.70989,-0.00089,0,0,38014930,248
1.0016,0.0027,-0.0002,-0.0610,-0.1526,0.1526,0.70430,-0.00072,-0.70990,-0.00090,0,0,38028042,248
1.0065,0.0002,-0.0098,0.0610,-0.1526,-0.0305,0.70426,-0.00072,-0.70994,-0.00091,0,0,38054338,249
1.0028,0.0020,-0.0021,-0.0916,-0.0916,-0.0305,0.70427,-0.00072,-0.70994,-0.00091,0,0,38076214,246
1.0010,-0.0020,0.0024,0.1221,-0.1526,0.1526,0.70432,-0.00073,-0.70989,-0.00090,0,0,38093673,247
1.0093,-0.0018,-0.0034,0.0610,-0.0305,-0.0610,0.70427,-0.00075,-0.70993,-0.00089,0,0,38124242,246
1.0033,-0.0018,-0.0005,-0.0305,-0.0610,-0.0916,0.70427,-0.00075,-0.70993,-0.00089,0,0,38137368,248
1.0016,-0.0061,-0.0037,-0.0305,-0.1221,0.1221,0.70426,-0.00076,-0.70994,-0.00088,0,0,38154856,248
1.0037,-0.0040,0.0024,-0.0610,0.0000,-0.0305,0.70426,-0.00076,-0.70994,-0.00088,0,0,38172376,248
1.0035,-0.0044,-0.0005,0.0610,-0.0305,0.0916,0.70426,-0.00077,-0.70994,-0.00088,0,0,38185610,247
1.0012,-0.0012,-0.0048,-0.0305,-0.0916,-0.0305,0.70427,-0.00077,-0.70993,-0.00087,0,0,38203240,246
1.0021,0.0004,-0.0002,-0.0610,-0.0916,0.1526,0.70428,-0.00079,-0.70992,-0.00087,0,0,38233786,246
1.0024,-0.0052,-0.0063,-0.1221,-0.0916,-0.0305,0.70425,-0.00079,-0.70995,-0.00087,0,0,38264477,249
1.0078,0.0002,-0.0043,0.0000,-0.0610,-0.0916,0.70424,-0.00078,-0.70996,-0.00087,0,0,38277515,250
1.0033,0.0029,0.0002,0.0610,-0.0610,-0.0610,0.70426,-0.00075,-0.70994,-0.00090,0,0,38294990,246
1.0044,-0.0061,-0.0034,0.0000,-0.0305,-0.0305,0.70424,-0.00079,-0.70996,-0.00086,0,0,38308086,249
0.9990,-0.0004,-0.0085,0.0000,0.0916,-0.0610,0.70424,-0.00077,-0.70996,-0.00089,0,0,38325568,249
1.0021,-0.0032,-0.0042,0.0305,-0.0610,0.0000,0.70423,-0.00077,-0.70997,-0.00089,0,0,38343084,249
1.0059,0.0027,-0.0040,-0.0305,-0.0305,0.0916,0.70424,-0.00079,-0.70996,-0.00088,0,0,38373669,249
1.0006,-0.0004,-0.0004,0.0305,-0.1221,-0.0610,0.70423,-0.00079,-0.70997,-0.00089,0,0,38391204,246
1.0055,0.0013,-0.0020,-0.1526,-0.0916,0.1831,0.70422,-0.00078,-0.70998,-0.00091,0,0,38417432,248
1.0028,-0.0016,-0.0042,0.0305,-0.0916,-0.0610,0.70421,-0.00076,-0.70999,-0.00093,0,0,38434938,248
1.0004,0.0010,-0.0011,-0.0305,0.0610,-0.0305,0.70420,-0.00074,-0.71000,-0.00094,0,0,38452434,248
1.0033,-0.0026,0.0004,0.0610,-0.1526,-0.0610,0.70421,-0.00073,-0.70999,-0.00095,0,0,38465584,248
1.0029,0.0033,0.0033,-0.0610,-0.0916,-0.1221,0.70423,-0.00070,-0.70997,-0.00098,0,0,38483097,249
1.0006,-0.0026,0.0010,0.0610,-0.0305,0.1831,0.70424,-0.00072,-0.70996,-0.00096,0,0,38496267,247
1.0005,-0.0013,-0.0059,-0.0916,-0.1831,-0.0305,0.70425,-0.00072,-0.70995,-0.00097,0,0,38513780,246
1.0049,0.0012,-0.0066,-0.0610,-0.0305,-0.0305,0.70429,-0.00071,-0.70991,-0.00099,0,0,38544395,248
1.0016,0.0027,-0.0082,-0.0305,-0.0610,-0.0305,0.70425,-0.00070,-0.70995,-0.00101,0,0,38574991,247
1.0006,-0.0013,-0.0063,0.0305,0.0610,0.0610,0.70422,-0.00070,-0.70998,-0.00101,0,0,38592466,249
1.0049,-0.0032,0.0000,-0.0610,-0.0916,-0.0305,0.70420,-0.00070,-0.71000,-0.00100,0,0,38614399,249
1.0044,-0.0029,-0.0050,0.0000,-0.1526,0.0305,0.70420,-0.00072,-0.71000,-0.00100,0,0,38636285,246
1.0001,0.0012,-0.0060,0.0000,0.0000,0.0000,0.70421,-0.00071,-0.70999,-0.00100,0,0,38653821,248
1.0007,-0.0038,-0.0035,0.0000,-0.1221,0.0305,0.70422,-0.00075,-0.70998,-0.00095,0,0,38671370,248
1.0035,-0.0013,-0.0022,-0.0610,-0.0610,0.0000,0.70420,-0.00073,-0.71000,-0.00097,0,0,38684481,250
1.0052,-0.0017,-0.0016,-0.0610,-0.0610,-0.1221,0.70423,-0.00076,-0.70997,-0.00095,0,0,38701994,247
1.0050,0.0022,-0.0043,0.0610,-0.1221,0.0305,0.70422,-0.00075,-0.70998,-0.00097,0,0,38719468,248
1.0010,0.0011,-0.0122,-0.0610,0.0916,0.0610,0.70416,-0.00075,-0.71004,-0.00096,0,0,38750097,249
0.9988,0.0017,-0.0048,0.0000,-0.0305,0.1221,0.70413,-0.00074,-0.71007,-0.00097,0,0,38780646,248
0.9978,-0.0049,-0.0011,0.0000,0.0000,-0.1526,0.70411,-0.00075,-0.71009,-0.00096,0,0,38793809,248
1.0065,0.0002,-0.0012,-0.0305,-0.1526,0.0610,0.70412,-0.00078,-0.71008,-0.00093,0,0,38811340,249
1.0057,0.0023,0.0012,0.0000,-0.0305,-0.0610,0.70411,-0.00078,-0.71009,-0.00093,0,0,38828850,248
1.0013,0.0020,-0.0011,-0.1831,0.0000,0.0305,0.70414,-0.00078,-0.71006,-0.00095,0,0,38855232,246
0.9979,-0.0055,-0.0016,0.0305,0.0916,-0.0305,0.70414,-0.00078,-0.71006,-0.00095,0,0,38872776,248
1.0016,-0.0007,0.0015,-0.1221,0.0916,0.0610,0.70416,-0.00079,-0.71004,-0.00096,0,0,38890342,246
0.9994,0.0031,-0.0002,-0.0610,-0.1831,-0.0305,0.70413,-0.00079,-0.71007,-0.00096,0,0,38903466,248
1.0010,-0.0043,-0.0011,-0.1221,0.0305,0.0610,0.70414,-0.00080,-0.71006,-0.00096,0,0,38921027,247
1.0063,-0.0005,0.0066,0.0305,0.0305,0.0000,0.70417,-0.00079,-0.71003,-0.00098,0,0,38951678,247
1.0033,-0.0017,-0.0006,-0.0916,0.0000,0.0000,0.70418,-0.00078,-0.71002,-0.00099,0,0,38969245,247
1.0057,-0.0002,-0.0018,0.0610,-0.0916,0.0000,0.70414,-0.00075,-0.71006,-0.00101,0,0,38999821,247
1.0018,-0.0038,0.0024,0.0916,-0.0305,-0.0305,0.70414,-0.00076,-0.71006,-0.00100,0,0,39030523,249
1.0045,-0.0017,-0.0089,0.0916,-0.0610,0.0610,0.70414,-0.00076,-0.71006,-0.00099,0,0,39048066,247
1.0017,-0.0011,0.0018,-0.1221,0.0305,-0.1221,0.70418,-0.00076,-0.71002,-0.00100,0,0,39074374,247
1.0020,-0.0028,-0.0042,-0.1831,0.1831,0.0610,0.70420,-0.00081,-0.71000,-0.00097,0,0,39091809,247
1.0062,0.0020,-0.0012,-0.1831,-0.0610,-0.0305,0.70420,-0.00080,-0.71000,-0.00098,0,0,39109412,248
1.0017,0.0042,-0.0029,-0.0610,0.1526,-0.0610,0.70420,-0.00083,-0.71000,-0.00096,0,0,39139952,247
1.0052,-0.0006,-0.0085,-0.0610,0.0000,0.0305,0.70417,-0.00084,-0.71003,-0.00095,0,0,39170525,249
1.0035,-0.0063,-0.0038,-0.0305,-0.1526,0.0305,0.70419,-0.00086,-0.71001,-0.00092,0,0,39188069,246
1.0021,-0.0016,-0.0090,0.0610,0.0916,0.0305,0.70419,-0.00085,-0.71001,-0.00094,0,0,39218672,249
1.0031,-0.0042,-0.0050,-0.0916,-0.0610,-0.0305,0.70419,-0.00087,-0.71001,-0.00094,0,0,39249277,247
1.0056,-0.0011,0.0012,0.0000,0.0000,0.0305,0.70420,-0.00085,-0.71001,-0.00096,0,0,39262412,248
1.0043,0.0000,-0.0031,-0.0305,0.0000,0.1526,0.70420,-0.00086,-0.71000,-0.00095,0,0,39279867,248
1.0001,-0.0034,-0.0017,-0.0610,-0.1526,0.0000,0.70420,-0.00087,-0.71000,-0.00094,0,0,39293066,247
1.0037,-0.0018,-0.0042,-0.0610,-0.0305,0.0610,0.70425,-0.00087,-0.70995,-0.00095,0,0,39310509,249
1.0009,-0.0032,-0.0082,-0.0305,0.0610,0.1221,0.70422,-0.00092,-0.70998,-0.00090,0,0,39341086,248
1.0033,0.0037,0.0002,-0.0305,-0.0916,-0.0916,0.70423,-0.00092,-0.70998,-0.00093,0,0,39376103,249
0.9995,-0.0015,-0.0024,-0.1221,-0.0610,0.0305,0.70424,-0.00093,-0.70996,-0.00092,0,0,39406857,247
1.0029,-0.0026,-0.0009,0.0305,-0.1526,0.0305,0.70424,-0.00092,-0.70996,-0.00095,0,0,39437611,247
0.9991,0.0020,-0.0061,0.0610,-0.0305,0.0000,0.70423,-0.00090,-0.70997,-0.00096,0,0,39450805,247
1.0016,-0.0010,-0.0046,-0.0610,0.0305,0.0000,0.70423,-0.00089,-0.70997,-0.00097,0,0,39463898,248
0.9996,-0.0020,-0.0045,-0.0916,-0.2747,0.0305,0.70424,-0.00090,-0.70996,-0.00097,0,0,39481467,248
1.0040,0.0002,-0.0028,0.0305,-0.1526,-0.1831,0.70423,-0.00088,-0.70997,-0.00100,0,0,39494574,248
1.0055,-0.0004,-0.0027,0.0000,-0.1221,0.0916,0.70423,-0.00087,-0.70997,-0.00100,0,0,39507695,248
1.0032,0.0023,-0.0076,-0.0610,0.0305,0.0610,0.70421,-0.00087,-0.70999,-0.00101,0,0,39529527,249
1.0029,-0.0005,-0.0060,-0.0305,0.0305,-0.0305,0.70424,-0.00086,-0.70996,-0.00102,0,0,39560217,247
1.0033,-0.0016,-0.0027,-0.0610,-0.0305,-0.1526,0.70422,-0.00085,-0.70998,-0.00104,0,0,39577665,248
1.0085,0.0015,0.0011,0.0305,-0.0305,-0.0305,0.70423,-0.00086,-0.70997,-0.00103,0,0,39590784,247
1.0010,0.0042,-0.0068,-0.1221,-0.1526,-0.0305,0.70421,-0.00085,-0.70999,-0.00105,0,0,39603966,247
0.9979,-0.0018,-0.0026,0.1221,-0.0305,0.0305,0.70421,-0.00086,-0.70999,-0.00104,0,0,39617074,248
0.9982,-0.0029,-0.0012,-0.0305,0.0610,-0.0305,0.70421,-0.00088,-0.70999,-0.00103,0,0,39630213,247
1.0043,-0.0031,-0.0022,-0.1831,0.1221,0.0305,0.70419,-0.00089,-0.71001,-0.00102,0,0,39643346,246
1.0027,-0.0006,-0.0021,-0.0305,-0.1221,-0.0305,0.70420,-0.00089,-0.71000,-0.00102,0,0,39656468,248
1.0038,0.0011,-0.0001,0.0000,0.0916,0.1831,0.70420,-0.00088,-0.71000,-0.00103,0,0,39669593,248
1.0034,-0.0011,-0.0067,-0.0916,-0.1221,0.0305,0.70420,-0.00088,-0.71000,-0.00104,0,0,39682655,248
1.0020,0.0051,-0.0035,0.0000,-0.1221,-0.0610,0.70418,-0.00089,-0.71002,-0.00105,0,0,39695708,249
1.0011,-0.0017,0.0060,-0.0916,-0.1221,-0.1526,0.70420,-0.00088,-0.71000,-0.00106,0,0,39708829,247
0.9982,-0.0024,0.0006,-0.0610,-0.1221,0.0305,0.70422,-0.00089,-0.70998,-0.00105,0,0,39722011,246
1.0009,0.0002,-0.0042,0.0000,-0.0610,-0.0305,0.70422,-0.00088,-0.70998,-0.00106,0,0,39735245,247
1.0005,0.0022,0.0001,0.0000,-0.0305,0.0000,0.70423,-0.00088,-0.70998,-0.00106,0,0,39752691,248
0.9994,-0.0048,0.0048,0.0305,-0.1221,0.1526,0.70427,-0.00095,-0.70993,-0.00100,0,0,39778889,248
1.0057,-0.0016,-0.0015,0.0000,-0.0610,0.0610,0.70425,-0.00095,-0.70995,-0.00099,0,0,39796472,249
1.0054,-0.0026,-0.0052,-0.1221,0.0000,0.0916,0.70423,-0.00098,-0.70997,-0.00098,0,0,39809631,248
1.0016,-0.0024,-0.0022,-0.0610,-0.0610,-0.0610,0.70424,-0.00099,-0.70996,-0.00096,0,0,39827099,249
1.0040,-0.0051,0.0023,-0.0610,-0.1526,0.0000,0.70422,-0.00099,-0.70998,-0.00097,0,0,39844616,248
1.0037,0.0004,0.0087,-0.0305,-0.1526,-0.0916,0.70427,-0.00099,-0.70993,-0.00097,0,0,39875345,248
0.9996,-0.0010,-0.0007,-0.0916,-0.0916,0.0305,0.70427,-0.00100,-0.70993,-0.00097,0,0,39888475,249
1.0027,-0.0017,-0.0042,-0.1526,-0.1526,0.0000,0.70428,-0.00103,-0.70992,-0.00095,0,0,39906017,247
1.0035,-0.0010,0.0005,-0.0305,0.0000,0.0000,0.70430,-0.00102,-0.70990,-0.00096,0,0,39919064,249
1.0044,-0.0007,0.0004,0.0305,-0.0305,-0.0305,0.70428,-0.00104,-0.70992,-0.00095,0,0,39936594,248
1.0052,0.0013,-0.0046,-0.0305,0.0305,-0.0305,0.70425,-0.00102,-0.70995,-0.00097,0,0,39949730,249
1.0002,-0.0016,0.0032,-0.1221,0.0610,-0.0610,0.70426,-0.00102,-0.70994,-0.00098,0,0,39971671,249
1.0048,-0.0005,-0.0094,-0.0610,-0.1221,0.0305,0.70423,-0.00102,-0.70997,-0.00098,0,0,39997970,247
1.0052,-0.0028,0.0010,0.0000,-0.1526,0.0916,0.70422,-0.00104,-0.70999,-0.00095,0,0,40015474,249
1.0023,0.0029,0.0007,-0.0610,0.0000,0.1221,0.70423,-0.00101,-0.70997,-0.00098,0,0,40028658,248
1.0059,-0.0026,0.0015,0.0610,-0.0916,0.0305,0.70425,-0.00100,-0.70995,-0.00098,0,0,40046176,246
1.0022,0.0011,0.0042,-0.0916,0.0916,-0.0305,0.70427,-0.00101,-0.70993,-0.00098,0,0,40059312,246
1.0054,0.0017,-0.0031,-0.0305,-0.0610,0.0305,0.70424,-0.00100,-0.70996,-0.00100,0,0,40076817,248
0.9991,-0.0046,-0.0018,-0.0916,0.0000,0.0000,0.70423,-0.00101,-0.70997,-0.00100,0,0,40089963,248
1.0020,0.0037,-0.0055,-0.0305,0.0305,0.0000,0.70424,-0.00101,-0.70996,-0.00100,0,0,40107431,249
1.0052,-0.0051,0.0054,-0.0610,-0.1526,0.0610,0.70425,-0.00102,-0.70995,-0.00100,0,0,40120521,249
1.0027,-0.0015,-0.0001,-0.1221,-0.0610,0.0000,0.70424,-0.00102,-0.70996,-0.00101,0,0,40138061,247
1.0016,-0.0015,-0.0005,-0.0610,0.0305,0.0610,0.70420,-0.00102,-0.71000,-0.00102,0,0,40155478,249
1.0037,-0.0063,0.0071,0.1221,-0.0916,-0.0305,0.70426,-0.00104,-0.70994,-0.00099,0,0,40173010,247
1.0035,-0.0034,-0.0023,0.0000,-0.1831,-0.0305,0.70425,-0.00108,-0.70995,-0.00095,0,0,40199358,248
1.0000,0.0013,-0.0046,-0.0916,-0.0610,0.0610,0.70424,-0.00107,-0.70996,-0.00096,0,0,40216818,247
1.0031,0.0017,-0.0011,-0.1221,-0.2136,0.0916,0.70424,-0.00104,-0.70996,-0.00100,0,0,40247526,249
1.0005,0.0013,0.0042,0.0000,0.0000,-0.0610,0.70428,-0.00105,-0.70992,-0.00098,0,0,40265072,249
1.0046,-0.0061,-0.0076,0.0610,-0.0305,-0.0610,0.70429,-0.00106,-0.70991,-0.00097,0,0,40295672,248
1.0045,-0.0005,-0.0055,-0.0305,0.0305,-0.0610,0.70426,-0.00105,-0.70994,-0.00099,0,0,40308713,248
1.0065,-0.0013,-0.0007,-0.0916,-0.0610,0.0305,0.70428,-0.00106,-0.70992,-0.00098,0,0,40326282,247
1.0089,0.0028,0.0027,-0.1221,-0.0610,-0.0305,0.70425,-0.00105,-0.70995,-0.00101,0,0,40343782,246
1.0043,-0.0057,-0.0016,-0.0610,0.0916,0.0305,0.70424,-0.00107,-0.70996,-0.00100,0,0,40374469,248
0.9996,0.0027,-0.0015,-0.0916,-0.0610,0.0305,0.70424,-0.00105,-0.70996,-0.00102,0,0,40387664,248
1.0068,0.0022,-0.0015,-0.0916,-0.1221,-0.2136,0.70421,-0.00104,-0.70999,-0.00103,0,0,40405217,246
1.0045,-0.0067,-0.0084,-0.0305,-0.0305,0.0916,0.70418,-0.00105,-0.71002,-0.00102,0,0,40435859,247
1.0013,-0.0043,0.0013,-0.1221,-0.2747,0.0000,0.70422,-0.00103,-0.70998,-0.00105,0,0,40457788,246
1.0073,-0.0027,-0.0011,0.0610,0.0305,0.0305,0.70424,-0.00104,-0.70996,-0.00103,0,0,40470993,246
1.0026,0.0032,-0.0021,-0.1221,-0.0610,0.0000,0.70426,-0.00103,-0.70994,-0.00105,0,0,40484202,247
1.0043,-0.0044,-0.0073,0.0000,0.0000,0.1221,0.70426,-0.00104,-0.70994,-0.00104,0,0,40497304,246
1.0005,-0.0024,0.0032,0.0305,0.0000,-0.0610,0.70427,-0.00105,-0.70993,-0.00102,0,0,40514766,249
1.0005,-0.0028,0.0023,-0.0305,0.0305,-0.0610,0.70431,-0.00108,-0.70989,-0.00100,0,0,40545436,247
1.0031,-0.0017,-0.0044,-0.0610,0.0610,-0.0305,0.70433,-0.00107,-0.70987,-0.00101,0,0,40562989,246
1.0054,-0.0010,-0.0049,-0.0305,-0.0305,-0.0916,0.70433,-0.00102,-0.70987,-0.00105,0,0,40593638,248
1.0013,-0.0018,-0.0022,0.0916,-0.0305,0.0916,0.70431,-0.00105,-0.70989,-0.00103,0,0,40624217,246
1.0012,0.0005,-0.0052,-0.1221,-0.0916,0.0305,0.70429,-0.00109,-0.70991,-0.00102,0,0,40654897,248
0.9990,-0.0024,-0.0031,0.0000,-0.0916,0.0000,0.70430,-0.00109,-0.70990,-0.00102,0,0,40668014,247
1.0077,0.0042,-0.0005,-0.0610,-0.0610,-0.0305,0.70433,-0.00108,-0.70987,-0.00104,0,0,40685528,249
1.0021,-0.0048,-0.0002,-0.1221,-0.1526,0.0000,0.70434,-0.00109,-0.70986,-0.00103,0,0,40698630,248
1.0027,-0.0031,0.0042,-0.0610,-0.0610,0.0000,0.70439,-0.00110,-0.70981,-0.00103,0,0,40716065,249
1.0061,-0.0038,-0.0015,-0.1221,-0.0610,0.0916,0.70440,-0.00112,-0.70980,-0.00101,0,0,40746787,246
1.0017,-0.0002,-0.0065,0.1526,0.0916,0.1221,0.70439,-0.00111,-0.70981,-0.00101,0,0,40764324,245
1.0009,0.0024,-0.0029,0.0916,0.0000,0.0916,0.70441,-0.00113,-0.70980,-0.00101,0,0,40786200,247
1.0020,0.0011,-0.0054,0.0305,0.0305,0.0916,0.70440,-0.00112,-0.70980,-0.00102,0,0,40812474,248
1.0066,-0.0013,-0.0065,-0.1221,0.0305,-0.1221,0.70442,-0.00111,-0.70978,-0.00103,0,0,40843063,248
1.0043,-0.0020,-0.0009,0.0916,0.0305,0.0000,0.70443,-0.00112,-0.70977,-0.00102,0,0,40860562,249
1.0045,-0.0007,-0.0012,-0.1831,-0.0305,0.1221,0.70444,-0.00109,-0.70976,-0.00106,0,0,40891217,246
0.9991,-0.0029,-0.0023,-0.1221,0.0916,-0.0916,0.70444,-0.00108,-0.70976,-0.00108,0,0,40921858,247
1.0013,-0.0001,-0.0015,0.0000,0.0000,0.0610,0.70443,-0.00109,-0.70977,-0.00107,0,0,40934991,246
1.0020,-0.0001,0.0022,0.0610,-0.0305,0.0305,0.70445,-0.00107,-0.70976,-0.00109,0,0,40952465,248
1.0018,-0.0002,-0.0062,0.0000,-0.1526,-0.0305,0.70442,-0.00105,-0.70978,-0.00111,0,0,40965622,248
1.0023,-0.0063,0.0004,0.0305,0.0305,0.0916,0.70442,-0.00108,-0.70978,-0.00108,0,0,40983029,247
1.0066,-0.0034,-0.0007,0.0305,-0.0610,0.0000,0.70438,-0.00108,-0.70982,-0.00108,0,0,41000527,249
1.0067,0.0052,-0.0009,0.0305,-0.0305,-0.0916,0.70441,-0.00106,-0.70980,-0.00111,0,0,41026858,247
0.9996,0.0023,-0.0045,-0.0610,0.0305,0.2136,0.70441,-0.00106,-0.70979,-0.00111,0,0,41044400,248
1.0050,-0.0010,-0.0072,-0.0305,-0.0305,0.0305,0.70439,-0.00107,-0.70981,-0.00112,0,0,41061819,247
1.0061,0.0061,0.0013,0.0000,-0.0305,0.1221,0.70440,-0.00104,-0.70981,-0.00115,0,0,41092432,248
1.0044,0.0021,-0.0056,-0.0305,-0.0610,0.0000,0.70437,-0.00104,-0.70983,-0.00115,0,0,41109904,248
1.0011,-0.0024,-0.0024,-0.0305,-0.1526,-0.0610,0.70441,-0.00101,-0.70980,-0.00119,0,0,41140618,248
1.0028,0.0000,-0.0020,-0.0610,-0.0305,0.0305,0.70443,-0.00101,-0.70977,-0.00119,0,0,41171290,246
1.0063,-0.0002,-0.0027,-0.0305,-0.0916,-0.0610,0.70444,-0.00101,-0.70976,-0.00120,0,0,41184471,248
1.0006,0.0005,-0.0056,-0.0610,-0.0305,0.1221,0.70441,-0.00104,-0.70979,-0.00118,0,0,41202009,247
0.9984,0.0015,-0.0051,-0.0610,-0.0610,-0.0610,0.70439,-0.00102,-0.70981,-0.00120,0,0,41232711,249
0.9999,-0.0035,-0.0022,0.0000,-0.0305,0.0000,0.70440,-0.00101,-0.70980,-0.00122,0,0,41267823,247
1.0016,-0.0018,0.0000,-0.2136,-0.1831,-0.1221,0.70440,-0.00103,-0.70980,-0.00121,0,0,41294098,249
1.0017,0.0010,-0.0043,0.0610,0.0305,0.0916,0.70441,-0.00102,-0.70980,-0.00122,0,0,41311604,247
1.0040,-0.0022,-0.0048,0.0000,0.0610,-0.0916,0.70439,-0.00102,-0.70981,-0.00122,0,0,41342196,245
1.0011,-0.0020,0.0006,0.0000,-0.0610,-0.0916,0.70439,-0.00103,-0.70981,-0.00122,0,0,41359661,249
1.0011,-0.0015,-0.0054,0.0916,-0.0610,0.0916,0.70441,-0.00100,-0.70979,-0.00125,0,0,41390367,247
1.0026,0.0056,0.0049,-0.0610,-0.0610,-0.0610,0.70443,-0.00097,-0.70977,-0.00128,0,0,41421009,247
1.0052,0.0006,0.0002,-0.1526,-0.1221,0.1831,0.70444,-0.00098,-0.70976,-0.00129,0,0,41438533,249
1.0028,0.0007,-0.0035,-0.0916,-0.2136,0.0610,0.70443,-0.00099,-0.70977,-0.00129,0,0,41469243,246
1.0017,0.0000,-0.0013,-0.0610,-0.1831,0.0000,0.70446,-0.00098,-0.70974,-0.00130,0,0,41491172,246
1.0016,-0.0057,-0.0043,-0.1526,-0.0610,-0.0610,0.70445,-0.00101,-0.70976,-0.00129,0,0,41513067,248
0.9991,0.0010,-0.0022,-0.0610,0.0000,0.1221,0.70443,-0.00099,-0.70977,-0.00132,0,0,41530586,248
0.9998,0.0000,0.0002,-0.2136,-0.2136,0.1221,0.70440,-0.00100,-0.70980,-0.00132,0,0,41561253,246
1.0039,0.0032,-0.0020,-0.0610,0.0916,-0.0610,0.70439,-0.00098,-0.70981,-0.00136,0,0,41574403,248
1.0020,-0.0010,-0.0037,-0.0916,-0.1526,0.0916,0.70439,-0.00097,-0.70981,-0.00137,0,0,41591859,247
0.9995,0.0005,0.0013,-0.0305,-0.1526,0.0000,0.70442,-0.00098,-0.70978,-0.00137,0,0,41609372,248
1.0007,0.0024,0.0006,0.0305,-0.0305,0.1221,0.70442,-0.00101,-0.70978,-0.00133,0,0,41622474,249
1.0004,-0.0028,0.0007,0.0305,-0.0305,0.0000,0.70444,-0.00101,-0.70976,-0.00134,0,0,41640028,247
1.0050,-0.0010,-0.0033,0.0000,-0.0305,-0.0305,0.70440,-0.00102,-0.70980,-0.00132,0,0,41670659,249
1.0057,-0.0001,-0.0033,-0.2136,-0.0916,-0.1221,0.70442,-0.00106,-0.70978,-0.00130,0,0,41701323,245
1.0082,0.0004,-0.0011,0.0305,-0.0305,-0.0610,0.70441,-0.00109,-0.70980,-0.00127,0,0,41718824,247
1.0062,0.0016,-0.0024,-0.1221,-0.0305,-0.0916,0.70439,-0.00108,-0.70981,-0.00129,0,0,41749467,248
1.0051,-0.0026,0.0011,0.0305,-0.1831,0.0305,0.70439,-0.00109,-0.70981,-0.00129,0,0,41766988,247
1.0034,-0.0054,0.0010,-0.0610,-0.0916,-0.0610,0.70441,-0.00111,-0.70979,-0.00128,0,0,41797588,248
0.9973,-0.0023,0.0013,-0.0305,-0.0610,0.1526,0.70442,-0.00111,-0.70978,-0.00129,0,0,41828247,246
1.0071,-0.0052,0.0024,-0.0916,-0.1221,0.0610,0.70441,-0.00111,-0.70979,-0.00130,0,0,41858818,247
1.0015,-0.0020,-0.0056,0.0610,-0.0610,0.0000,0.70439,-0.00111,-0.70981,-0.00131,0,0,41876431,248
0.9994,0.0024,-0.0037,-0.1221,-0.2441,-0.0610,0.70435,-0.00109,-0.70985,-0.00133,0,0,41902820,247
1.0054,-0.0001,-0.0033,-0.1831,-0.0305,0.0305,0.70433,-0.00110,-0.70987,-0.00133,0,0,41920382,248
1.0009,-0.0004,-0.0009,0.0000,-0.0610,-0.0305,0.70437,-0.00110,-0.70983,-0.00133,0,0,41933469,249
0.9991,0.0005,0.0007,0.0610,0.0305,-0.0305,0.70437,-0.00110,-0.70983,-0.00134,0,0,41950990,246
0.9998,-0.0009,-0.0001,0.0000,0.0000,-0.0305,0.70439,-0.00110,-0.70981,-0.00133,0,0,41968468,250
1.0044,-0.0013,-0.0051,0.0000,-0.0305,0.0610,0.70440,-0.00113,-0.70981,-0.00131,0,0,41999116,250
1.0009,0.0010,-0.0043,-0.0305,0.0000,0.1221,0.70439,-0.00113,-0.70981,-0.00131,0,0,42012332,246
1.0024,-0.0011,-0.0051,0.0916,0.0610,-0.0305,0.70441,-0.00113,-0.70979,-0.00131,0,0,42029806,247
1.0040,-0.0023,0.0021,-0.2136,-0.1831,-0.0610,0.70444,-0.00115,-0.70977,-0.00131,0,0,42064769,248
1.0066,-0.0015,-0.0015,0.0305,0.0000,-0.0305,0.70447,-0.00119,-0.70974,-0.00129,0,0,42091060,248
1.0011,0.0023,0.0011,0.0000,-0.0610,0.0000,0.70447,-0.00118,-0.70973,-0.00129,0,0,42108664,249
1.0026,-0.0020,-0.0015,0.0610,-0.0916,-0.0305,0.70448,-0.00119,-0.70972,-0.00128,0,0,42126254,246
1.0062,0.0013,-0.0037,-0.0305,-0.0916,-0.0305,0.70444,-0.00118,-0.70976,-0.00130,0,0,42152475,249
1.0070,-0.0004,-0.0017,-0.0305,-0.0610,-0.1526,0.70444,-0.00118,-0.70976,-0.00131,0,0,42169989,247
1.0023,-0.0005,0.0004,-0.0305,-0.0305,0.0305,0.70446,-0.00118,-0.70975,-0.00130,0,0,42187474,249
1.0061,-0.0004,-0.0021,0.0610,0.0610,-0.0610,0.70448,-0.00122,-0.70972,-0.00127,0,0,42213827,247
1.0066,0.0010,-0.0067,0.0610,-0.0305,0.0305,0.70444,-0.00125,-0.70976,-0.00124,0,0,42231381,248
1.0049,-0.0018,0.0072,-0.0305,-0.0305,-0.0305,0.70448,-0.00126,-0.70972,-0.00124,0,0,42248866,248
1.0040,0.0007,0.0020,0.0000,-0.1831,-0.0610,0.70451,-0.00126,-0.70969,-0.00125,0,0,42261991,246
1.0035,0.0022,-0.0042,-0.0305,-0.0916,0.0610,0.70451,-0.00124,-0.70969,-0.00126,0,0,42283892,248
1.0048,-0.0006,-0.0026,-0.0305,-0.0305,-0.0916,0.70451,-0.00122,-0.70970,-0.00128,0,0,42310122,249
1.0013,-0.0062,0.0011,0.0305,-0.0305,-0.0610,0.70452,-0.00123,-0.70968,-0.00128,0,0,42327678,247
1.0040,-0.0007,-0.0015,-0.0305,-0.0610,-0.0916,0.70449,-0.00123,-0.70971,-0.00128,0,0,42358383,248
1.0062,-0.0026,-0.0027,0.0305,-0.0610,0.0000,0.70448,-0.00124,-0.70972,-0.00127,0,0,42375829,248
1.0020,-0.0029,-0.0024,-0.0305,-0.1221,0.0610,0.70451,-0.00126,-0.70969,-0.00126,0,0,42402113,249
1.0020,0.0032,-0.0009,0.0305,-0.0916,0.1526,0.70449,-0.00124,-0.70971,-0.00127,0,0,42419595,248
1.0007,-0.0035,-0.0009,0.0305,-0.1221,0.0916,0.70449,-0.00125,-0.70971,-0.00127,0,0,42437200,246
1.0035,0.0017,0.0015,0.1526,-0.1221,0.0000,0.70454,-0.00124,-0.70967,-0.00127,0,0,42450335,248
1.0027,0.0009,-0.0037,0.0000,-0.0916,0.0610,0.70451,-0.00124,-0.70969,-0.00127,0,0,42467816,248
1.0002,0.0040,-0.0063,0.0610,-0.0916,0.2441,0.70447,-0.00123,-0.70973,-0.00128,0,0,42498432,248
1.0024,0.0040,0.0057,-0.0305,-0.0916,0.0610,0.70450,-0.00123,-0.70970,-0.00130,0,0,42515997,247
1.0082,-0.0010,-0.0016,0.0916,0.0000,0.0000,0.70444,-0.00125,-0.70976,-0.00128,0,0,42546503,249
1.0010,-0.0009,-0.0021,0.0000,-0.0916,0.1831,0.70442,-0.00125,-0.70978,-0.00128,0,0,42577217,247
1.0074,-0.0004,0.0012,0.0000,-0.0916,0.0610,0.70445,-0.00125,-0.70975,-0.00129,0,0,42607854,248
0.9994,-0.0029,-0.0012,0.0000,-0.0305,0.0305,0.70445,-0.00125,-0.70976,-0.00128,0,0,42625431,247
1.0018,0.0040,-0.0009,0.0305,-0.1831,0.0916,0.70443,-0.00123,-0.70977,-0.00131,0,0,42656064,247
1.0018,-0.0001,-0.0093,0.0305,0.0000,0.0000,0.70439,-0.00122,-0.70982,-0.00133,0,0,42686703,249
1.0032,-0.0007,-0.0044,-0.0305,-0.0610,-0.0305,0.70439,-0.00122,-0.70981,-0.00132,0,0,42717467,248
1.0011,-0.0001,0.0013,-0.0610,-0.0305,-0.0610,0.70442,-0.00120,-0.70978,-0.00135,0,0,42748199,247
1.0028,-0.0012,-0.0022,0.0000,-0.0305,0.0916,0.70440,-0.00121,-0.70980,-0.00135,0,0,42761301,246
1.0068,-0.0061,-0.0055,0.0305,-0.0916,0.0305,0.70439,-0.00121,-0.70981,-0.00134,0,0,42778823,247
1.0029,0.0020,-0.0034,-0.0305,0.2136,-0.0610,0.70438,-0.00120,-0.70982,-0.00136,0,0,42796345,248
1.0033,-0.0007,0.0038,-0.0610,0.0305,-0.0305,0.70441,-0.00119,-0.70979,-0.00137,0,0,42809478,249
1.0046,-0.0082,-0.0038,0.0000,-0.1831,-0.1221,0.70438,-0.00123,-0.70982,-0.00133,0,0,42826987,247
1.0031,-0.0029,-0.0015,0.0610,0.0305,0.0305,0.70438,-0.00125,-0.70982,-0.00130,0,0,42840075,249
1.0044,-0.0010,-0.0009,-0.1221,-0.2136,-0.0305,0.70441,-0.00124,-0.70979,-0.00131,0,0,42857632,248
1.0020,-0.0009,0.0072,-0.0305,-0.1221,0.0916,0.70445,-0.00124,-0.70975,-0.00132,0,0,42875098,249
1.0095,-0.0035,-0.0052,0.0000,-0.1831,0.0305,0.70444,-0.00125,-0.70976,-0.00132,0,0,42888247,246
1.0024,-0.0042,-0.0015,-0.0610,0.0000,0.0000,0.70443,-0.00127,-0.70977,-0.00131,0,0,42905787,246
1.0015,0.0012,-0.0027,-0.0305,0.0000,0.0000,0.70448,-0.00130,-0.70972,-0.00129,0,0,42936391,248
0.9968,-0.0015,0.0039,-0.0610,-0.2136,0.0000,0.70448,-0.00127,-0.70972,-0.00132,0,0,42953935,248
0.9979,-0.0018,-0.0057,-0.0610,-0.0916,0.0916,0.70446,-0.00128,-0.70974,-0.00131,0,0,42984630,248
1.0028,0.0029,-0.0015,-0.0305,-0.1526,-0.0305,0.70451,-0.00129,-0.70969,-0.00131,0,0,43015325,247
1.0029,0.0026,-0.0037,-0.0305,-0.0610,0.1221,0.70452,-0.00129,-0.70968,-0.00132,0,0,43032760,248
1.0056,-0.0015,-0.0038,0.0305,0.0916,0.0916,0.70451,-0.00132,-0.70970,-0.00129,0,0,43063386,248
1.0015,-0.0024,0.0068,0.0000,-0.0610,0.0305,0.70451,-0.00137,-0.70969,-0.00124,0,0,43094023,247
1.0050,-0.0005,-0.0032,-0.0916,-0.0305,0.0000,0.70450,-0.00140,-0.70970,-0.00122,0,0,43120374,247
1.0052,0.0049,0.0035,0.0610,-0.0916,0.0000,0.70452,-0.00136,-0.70968,-0.00125,0,0,43137858,247
1.0033,0.0023,-0.0057,-0.1221,-0.0305,-0.0610,0.70451,-0.00136,-0.70969,-0.00126,0,0,43155432,247
1.0085,-0.0032,-0.0039,-0.0610,-0.0305,0.0610,0.70451,-0.00136,-0.70969,-0.00128,0,0,43172910,247
1.0042,-0.0011,0.0015,0.0000,-0.0610,-0.0305,0.70457,-0.00135,-0.70964,-0.00127,0,0,43203586,248
1.0038,-0.0031,-0.0042,-0.0610,-0.0610,0.0000,0.70456,-0.00134,-0.70964,-0.00128,0,0,43229858,247
1.0015,-0.0051,0.0000,0.0916,-0.1221,-0.0305,0.70455,-0.00135,-0.70965,-0.00127,0,0,43247404,248
1.0059,-0.0013,0.0017,-0.0610,-0.1221,0.0305,0.70456,-0.00136,-0.70964,-0.00127,0,0,43264909,248
1.0020,-0.0068,-0.0013,0.0610,0.1221,-0.0610,0.70455,-0.00141,-0.70965,-0.00123,0,0,43295467,247
0.9999,-0.0049,0.0051,0.0305,-0.0916,0.0916,0.70457,-0.00141,-0.70963,-0.00123,0,0,43313068,247
1.0045,-0.0063,-0.0028,0.0305,-0.0610,0.0916,0.70454,-0.00143,-0.70966,-0.00122,0,0,43343705,249
1.0035,0.0002,0.0001,0.0916,0.0916,0.0000,0.70456,-0.00145,-0.70964,-0.00120,0,0,43374373,248
1.0048,0.0000,-0.0009,-0.0305,0.0305,-0.0305,0.70456,-0.00146,-0.70964,-0.00119,0,0,43387444,248
1.0061,-0.0033,-0.0039,-0.0916,-0.0610,0.0610,0.70455,-0.00150,-0.70965,-0.00117,0,0,43404956,247
1.0012,-0.0065,-0.0023,0.0305,0.0000,0.0610,0.70454,-0.00151,-0.70966,-0.00115,0,0,43418077,249
1.0018,-0.0038,0.0020,-0.2136,-0.1526,0.0916,0.70455,-0.00151,-0.70966,-0.00116,0,0,43435642,247
0.9996,-0.0006,0.0000,0.0610,-0.0916,-0.0916,0.70455,-0.00150,-0.70965,-0.00116,0,0,43453207,247
1.0046,0.0013,-0.0026,-0.0305,0.0916,0.1221,0.70455,-0.00151,-0.70965,-0.00117,0,0,43466362,248
1.0050,-0.0007,0.0013,0.0305,-0.2136,0.0916,0.70457,-0.00150,-0.70963,-0.00117,0,0,43483840,247
1.0072,-0.0017,-0.0013,0.0305,-0.0305,-0.1526,0.70454,-0.00151,-0.70966,-0.00117,0,0,43497011,246
1.0023,-0.0005,-0.0035,0.0000,-0.0610,0.0305,0.70449,-0.00149,-0.70971,-0.00120,0,0,43514519,249
1.0024,-0.0029,-0.0007,0.1221,-0.0610,0.0610,0.70447,-0.00147,-0.70973,-0.00121,0,0,43545282,246
1.0031,-0.0066,-0.0027,0.0305,-0.0305,0.0305,0.70448,-0.00148,-0.70972,-0.00120,0,0,43562770,248
1.0023,-0.0024,-0.0039,0.0916,-0.0305,-0.0916,0.70452,-0.00146,-0.70969,-0.00122,0,0,43593432,247
1.0027,-0.0050,0.0021,-0.0610,0.0916,0.0000,0.70451,-0.00148,-0.70969,-0.00120,0,0,43610891,248
1.0017,0.0040,-0.0029,0.0000,-0.1221,0.0305,0.70451,-0.00148,-0.70970,-0.00120,0,0,43637287,246
1.0052,-0.0006,-0.0006,0.0000,-0.0305,0.0000,0.70454,-0.00146,-0.70966,-0.00122,0,0,43654784,247
1.0016,0.0044,0.0009,0.0305,-0.1526,0.1221,0.70451,-0.00145,-0.70969,-0.00123,0,0,43667862,248
1.0044,0.0012,0.0000,-0.0610,0.0305,0.0305,0.70451,-0.00145,-0.70969,-0.00124,0,0,43685399,248
1.0033,0.0011,0.0002,0.0000,0.0610,-0.0610,0.70452,-0.00144,-0.70969,-0.00124,0,0,43702855,248
1.0077,0.0001,-0.0054,0.0000,-0.1221,-0.0305,0.70449,-0.00140,-0.70972,-0.00129,0,0,43733467,249
1.0051,-0.0068,0.0017,-0.0305,-0.1221,-0.1526,0.70450,-0.00138,-0.70970,-0.00133,0,0,43751067,247
1.0015,-0.0056,0.0015,-0.0610,0.0610,-0.0610,0.70454,-0.00137,-0.70967,-0.00133,0,0,43777327,246
1.0027,0.0004,0.0051,-0.0305,-0.0305,-0.0610,0.70457,-0.00134,-0.70963,-0.00136,0,0,43794771,248
1.0085,-0.0028,0.0010,-0.1221,-0.0305,0.0916,0.70455,-0.00135,-0.70965,-0.00136,0,0,43812344,248
1.0045,0.0043,-0.0076,0.0000,0.0610,0.0610,0.70455,-0.00131,-0.70965,-0.00140,0,0,43834254,247
0.9984,-0.0057,-0.0054,0.0000,-0.0610,0.0305,0.70452,-0.00130,-0.70968,-0.00141,0,0,43856066,249
0.9980,0.0012,-0.0056,0.0305,0.0305,-0.0610,0.70449,-0.00128,-0.70971,-0.00143,0,0,43873605,247
0.9993,-0.0006,-0.0023,-0.0305,-0.0916,-0.1526,0.70448,-0.00127,-0.70972,-0.00144,0,0,43886706,248
1.0051,0.0006,-0.0012,-0.0305,-0.0305,0.1221,0.70448,-0.00127,-0.70972,-0.00145,0,0,43904256,246
1.0031,-0.0044,0.0005,-0.1526,-0.0916,-0.0610,0.70450,-0.00127,-0.70970,-0.00146,0,0,43921824,247
1.0046,-0.0017,-0.0027,0.0000,-0.1221,0.0000,0.70452,-0.00127,-0.70968,-0.00146,0,0,43934879,248
0.9974,-0.0001,-0.0062,-0.0916,-0.0610,-0.0916,0.70456,-0.00126,-0.70965,-0.00147,0,0,43952418,247
1.0002,-0.0011,-0.0028,0.0000,-0.1831,0.0000,0.70452,-0.00127,-0.70968,-0.00146,0,0,43983058,247
0.9984,0.0051,-0.0038,-0.0610,0.0305,0.1831,0.70453,-0.00126,-0.70967,-0.00148,0,0,44013709,248
1.0061,0.0017,-0.0020,0.0000,-0.0305,-0.0610,0.70450,-0.00124,-0.70970,-0.00150,0,0,44031211,247
1.0031,-0.0005,-0.0032,0.0305,-0.0610,-0.0305,0.70450,-0.00123,-0.70971,-0.00152,0,0,44061815,248
1.0059,-0.0009,-0.0055,0.0000,0.0305,-0.1831,0.70450,-0.00122,-0.70970,-0.00153,0,0,44092475,249
1.0034,-0.0018,0.0039,0.0610,-0.1526,-0.0305,0.70452,-0.00118,-0.70968,-0.00159,0,0,44123289,246
0.9976,-0.0023,-0.0051,0.0000,-0.1221,0.0305,0.70453,-0.00118,-0.70967,-0.00158,0,0,44140766,249
1.0035,-0.0007,0.0035,-0.0916,0.0305,0.0000,0.70454,-0.00117,-0.70966,-0.00160,0,0,44171431,248
1.0011,-0.0017,-0.0054,0.0610,-0.0610,0.0610,0.70453,-0.00118,-0.70967,-0.00159,0,0,44184576,248
1.0024,-0.0012,0.0050,0.0000,0.0610,-0.0916,0.70456,-0.00120,-0.70964,-0.00157,0,0,44202035,248
1.0029,-0.0016,-0.0074,0.0305,-0.0305,0.0305,0.70454,-0.00119,-0.70966,-0.00159,0,0,44219608,247
1.0042,-0.0044,-0.0007,0.0916,0.1526,-0.0610,0.70457,-0.00121,-0.70963,-0.00156,0,0,44245823,247
1.0016,-0.0001,0.0006,-0.0305,0.0305,-0.0305,0.70456,-0.00121,-0.70964,-0.00157,0,0,44263391,248
1.0043,-0.0049,-0.0120,0.0610,-0.0916,-0.0610,0.70451,-0.00123,-0.70969,-0.00156,0,0,44280811,247
1.0048,-0.0032,-0.0033,-0.1221,-0.0610,0.0610,0.70452,-0.00126,-0.70968,-0.00154,0,0,44311470,248
1.0018,-0.0024,-0.0029,-0.0305,-0.0305,0.0610,0.70451,-0.00128,-0.70969,-0.00153,0,0,44342068,248
1.0042,-0.0048,0.0021,0.0000,-0.0610,0.0305,0.70454,-0.00131,-0.70967,-0.00152,0,0,44359591,248
1.0033,-0.0013,0.0016,-0.1221,-0.0305,0.1526,0.70452,-0.00131,-0.70968,-0.00153,0,0,44385826,247
1.0043,0.0004,-0.0063,0.0000,0.0916,0.0610,0.70454,-0.00130,-0.70966,-0.00154,0,0,44403400,249
1.0015,-0.0011,-0.0001,0.0305,-0.0610,0.0610,0.70457,-0.00132,-0.70963,-0.00152,0,0,44420825,247
0.9968,-0.0057,-0.0045,0.0000,-0.0916,0.0000,0.70457,-0.00133,-0.70963,-0.00151,0,0,44434022,247
1.0016,-0.0017,0.0009,-0.0610,-0.0305,-0.1831,0.70457,-0.00131,-0.70963,-0.00153,0,0,44451640,248
1.0015,-0.0004,-0.0020,-0.0916,0.0305,0.0305,0.70457,-0.00131,-0.70963,-0.00155,0,0,44469078,248
1.0005,-0.0035,0.0038,-0.0305,0.0610,0.1526,0.70462,-0.00134,-0.70959,-0.00153,0,0,44499708,248
1.0017,0.0007,-0.0049,0.0000,-0.0916,0.1221,0.70461,-0.00129,-0.70959,-0.00158,0,0,44530419,248
1.0050,0.0005,-0.0046,0.0305,-0.0610,-0.0305,0.70459,-0.00126,-0.70961,-0.00162,0,0,44561005,247
1.0028,-0.0010,-0.0051,-0.0610,-0.1221,-0.0305,0.70461,-0.00126,-0.70959,-0.00163,0,0,44591592,248
1.0006,0.0020,-0.0015,0.0610,0.1526,0.0000,0.70460,-0.00127,-0.70960,-0.00163,0,0,44622245,247
1.0002,-0.0013,-0.0040,-0.0305,0.0000,-0.0916,0.70460,-0.00125,-0.70960,-0.00165,0,0,44639738,249
1.0049,0.0007,-0.0004,-0.0916,-0.0610,-0.0916,0.70460,-0.00125,-0.70960,-0.00166,0,0,44652816,247
0.9978,0.0013,-0.0054,0.0305,-0.0610,0.0610,0.70458,-0.00125,-0.70962,-0.00166,0,0,44670263,247
1.0012,-0.0022,0.0017,0.0305,-0.1526,0.1221,0.70459,-0.00129,-0.70961,-0.00162,0,0,44687727,248
1.0026,0.0022,-0.0061,-0.0610,-0.0610,-0.1221,0.70456,-0.00125,-0.70964,-0.00167,0,0,44718434,247
1.0051,0.0042,-0.0055,-0.1526,-0.0305,0.1526,0.70457,-0.00128,-0.70963,-0.00165,0,0,44749025,247
0.9969,0.0005,-0.0046,-0.0610,-0.1526,0.0305,0.70458,-0.00128,-0.70962,-0.00164,0,0,44762220,246
1.0038,-0.0048,-0.0017,-0.1221,0.0000,-0.0305,0.70457,-0.00132,-0.70963,-0.00162,0,0,44779689,248
1.0027,-0.0054,-0.0006,0.0305,-0.0916,0.0305,0.70457,-0.00134,-0.70963,-0.00162,0,0,44810399,248
1.0052,-0.0024,-0.0020,-0.0610,-0.0305,0.0305,0.70456,-0.00139,-0.70964,-0.00156,0,0,44827906,249
1.0051,-0.0029,-0.0044,-0.0916,-0.0916,-0.0610,0.70453,-0.00138,-0.70968,-0.00158,0,0,44858553,247
1.0017,-0.0032,-0.0027,0.0916,-0.0916,-0.0610,0.70451,-0.00137,-0.70969,-0.00159,0,0,44871676,247
1.0079,-0.0024,0.0038,0.0000,0.0000,0.0305,0.70450,-0.00138,-0.70970,-0.00159,0,0,44889198,247
0.9985,-0.0012,0.0007,-0.0305,-0.1221,-0.0305,0.70448,-0.00139,-0.70972,-0.00158,0,0,44906677,248
0.9989,-0.0038,-0.0010,-0.0610,-0.0916,0.0610,0.70452,-0.00142,-0.70968,-0.00156,0,0,44932882,248
1.0029,-0.0018,-0.0007,-0.0305,-0.2136,0.0610,0.70452,-0.00141,-0.70968,-0.00156,0,0,44950432,248
1.0031,-0.0001,0.0002,0.0000,0.0000,0.0305,0.70451,-0.00140,-0.70969,-0.00157,0,0,44967853,248
1.0037,0.0002,-0.0035,-0.0305,0.0610,0.1831,0.70451,-0.00142,-0.70969,-0.00156,0,0,44980936,248
1.0072,0.0024,-0.0009,0.0916,0.0305,-0.0305,0.70446,-0.00140,-0.70974,-0.00157,0,0,45015967,247
1.0054,-0.0026,-0.0045,0.0000,-0.1221,0.0610,0.70445,-0.00142,-0.70976,-0.00156,0,0,45046708,248
1.0042,0.0007,0.0039,-0.0610,-0.0610,0.1526,0.70445,-0.00143,-0.70975,-0.00156,0,0,45059829,247
1.0039,-0.0011,-0.0031,-0.0610,0.0610,-0.0305,0.70447,-0.00141,-0.70973,-0.00158,0,0,45073027,247
1.0049,0.0009,-0.0029,0.0000,0.0000,-0.0610,0.70444,-0.00143,-0.70976,-0.00156,0,0,45090563,248
1.0027,0.0061,-0.0024,0.0305,-0.1221,0.1221,0.70444,-0.00139,-0.70976,-0.00160,0,0,45108069,247
1.0027,-0.0023,-0.0026,0.0305,-0.0610,0.0305,0.70443,-0.00138,-0.70977,-0.00161,0,0,45121207,247
1.0049,-0.0001,-0.0012,0.0610,0.0000,0.0916,0.70446,-0.00136,-0.70974,-0.00163,0,0,45138704,249
1.0043,-0.0023,-0.0032,-0.0305,0.0610,0.0610,0.70445,-0.00136,-0.70975,-0.00163,0,0,45156170,246
1.0037,0.0002,-0.0028,0.0916,-0.0916,0.0305,0.70445,-0.00136,-0.70975,-0.00163,0,0,45178028,247
1.0002,-0.0026,-0.0045,0.0000,0.0305,0.0000,0.70444,-0.00135,-0.70976,-0.00165,0,0,45191215,247
1.0037,-0.0054,0.0018,0.1831,-0.1526,0.0305,0.70443,-0.00136,-0.70977,-0.00163,0,0,45208772,248
1.0011,-0.0016,-0.0038,0.0610,0.1221,0.0305,0.70446,-0.00135,-0.70974,-0.00163,0,0,45226323,245
1.0004,-0.0009,-0.0081,0.0305,-0.0610,0.0610,0.70444,-0.00134,-0.70976,-0.00165,0,0,45248215,247
1.0006,-0.0032,0.0016,-0.1221,0.0000,-0.0916,0.70445,-0.00134,-0.70975,-0.00166,0,0,45265788,246
1.0016,-0.0022,-0.0032,-0.0305,-0.0610,-0.0610,0.70445,-0.00138,-0.70975,-0.00163,0,0,45296472,249
1.0083,-0.0033,0.0013,0.0000,0.0305,-0.0916,0.70445,-0.00138,-0.70975,-0.00165,0,0,45327168,247
1.0060,-0.0012,0.0049,-0.0610,-0.1221,0.0000,0.70445,-0.00139,-0.70975,-0.00163,0,0,45357813,247
1.0048,-0.0056,0.0021,-0.1221,0.0305,0.0305,0.70446,-0.00139,-0.70974,-0.00164,0,0,45375344,247
1.0029,-0.0034,-0.0078,-0.0305,-0.1526,-0.1221,0.70446,-0.00144,-0.70974,-0.00161,0,0,45406069,247
1.0059,0.0018,0.0012,-0.1221,-0.1221,-0.0305,0.70449,-0.00144,-0.70971,-0.00162,0,0,45436764,248
1.0012,0.0004,0.0023,-0.0305,-0.0305,0.0000,0.70447,-0.00143,-0.70973,-0.00164,0,0,45467430,248
1.0050,0.0001,-0.0057,-0.0305,-0.0610,0.0610,0.70444,-0.00143,-0.70976,-0.00164,0,0,45484890,248
1.0006,-0.0038,-0.0023,-0.0610,-0.0916,0.0610,0.70446,-0.00147,-0.70974,-0.00161,0,0,45511216,246
1.0045,-0.0062,-0.0107,-0.0610,-0.0610,0.0305,0.70446,-0.00149,-0.70974,-0.00159,0,0,45528670,248
1.0020,-0.0016,0.0031,0.0916,-0.1221,-0.0305,0.70450,-0.00149,-0.70970,-0.00159,0,0,45546202,246
0.9995,0.0000,-0.0057,-0.1831,0.0000,0.0610,0.70441,-0.00151,-0.70979,-0.00158,0,0,45576828,247
1.0031,-0.0037,0.0000,0.0305,-0.0916,-0.0916,0.70444,-0.00153,-0.70976,-0.00157,0,0,45590030,248
1.0017,-0.0005,0.0023,0.0610,-0.0305,0.0610,0.70447,-0.00154,-0.70973,-0.00157,0,0,45607511,248
1.0060,-0.0034,-0.0026,0.0000,-0.0610,-0.0916,0.70447,-0.00152,-0.70973,-0.00159,0,0,45625056,247
1.0063,-0.0046,0.0028,0.0305,-0.0610,-0.0305,0.70448,-0.00151,-0.70972,-0.00161,0,0,45655634,248
1.0039,-0.0029,-0.0004,-0.0610,-0.1221,-0.0916,0.70448,-0.00150,-0.70972,-0.00163,0,0,45668791,246
1.0042,0.0018,-0.0009,0.0000,-0.0916,-0.0305,0.70448,-0.00151,-0.70973,-0.00162,0,0,45686305,246
1.0071,-0.0031,-0.0012,0.0610,-0.0305,0.0000,0.70446,-0.00153,-0.70974,-0.00159,0,0,45699468,248
1.0050,-0.0038,0.0022,-0.0610,-0.1221,0.0610,0.70448,-0.00155,-0.70972,-0.00159,0,0,45716937,248
1.0042,-0.0020,0.0016,0.0305,0.0305,-0.0610,0.70453,-0.00156,-0.70967,-0.00158,0,0,45734471,248
1.0050,-0.0002,0.0005,0.0610,-0.0610,-0.0916,0.70455,-0.00154,-0.70966,-0.00159,0,0,45765116,249
1.0031,0.0013,0.0002,-0.0305,-0.0305,0.1526,0.70455,-0.00152,-0.70965,-0.00162,0,0,45778338,245
0.9999,-0.0010,-0.0070,0.0000,-0.0916,-0.0916,0.70451,-0.00149,-0.70969,-0.00164,0,0,45791475,249
1.0074,-0.0039,-0.0004,0.0000,0.0305,0.0916,0.70451,-0.00152,-0.70969,-0.00161,0,0,45804604,248
1.0032,-0.0027,-0.0062,0.0000,-0.0916,0.0305,0.70451,-0.00153,-0.70970,-0.00161,0,0,45817701,249
1.0011,0.0031,0.0005,0.0305,-0.1526,0.0305,0.70450,-0.00153,-0.70970,-0.00159,0,0,45844026,247
0.9976,0.0004,0.0028,-0.0916,-0.0610,0.0000,0.70449,-0.00154,-0.70971,-0.00160,0,0,45874629,248
1.0049,0.0012,-0.0011,0.0000,-0.0610,0.0305,0.70448,-0.00153,-0.70972,-0.00160,0,0,45905319,247
1.0085,-0.0024,-0.0010,-0.0610,-0.0305,-0.0305,0.70447,-0.00154,-0.70973,-0.00160,0,0,45922775,248
1.0052,-0.0006,-0.0029,-0.0610,-0.0305,0.1526,0.70447,-0.00154,-0.70973,-0.00160,0,0,45949062,247
1.0072,-0.0005,-0.0022,-0.0610,0.0610,-0.0610,0.70448,-0.00154,-0.70972,-0.00161,0,0,45966502,248
0.9995,-0.0001,-0.0017,0.0000,-0.0610,-0.0610,0.70447,-0.00151,-0.70973,-0.00164,0,0,45983985,247
1.0063,-0.0054,-0.0009,0.0000,0.0305,-0.0305,0.70444,-0.00156,-0.70976,-0.00159,0,0,46014593,248
1.0046,-0.0011,-0.0010,0.1526,-0.1526,0.0305,0.70450,-0.00153,-0.70970,-0.00162,0,0,46049679,247
1.0026,-0.0010,-0.0095,-0.1221,0.1221,-0.0305,0.70452,-0.00155,-0.70968,-0.00161,0,0,46075989,247
1.0031,-0.0027,0.0042,0.0610,0.0305,0.0305,0.70456,-0.00157,-0.70964,-0.00159,0,0,46093437,248
1.0042,-0.0031,-0.0105,0.0000,0.0305,-0.0305,0.70455,-0.00157,-0.70965,-0.00158,0,0,46124023,248
1.0012,0.0013,-0.0073,0.1221,-0.2136,-0.0305,0.70456,-0.00155,-0.70964,-0.00161,0,0,46154765,248
1.0073,0.0009,-0.0049,0.0000,-0.0916,0.0916,0.70458,-0.00158,-0.70962,-0.00159,0,0,46167903,248
1.0042,-0.0010,-0.0050,-0.0916,0.0305,-0.2747,0.70456,-0.00158,-0.70964,-0.00160,0,0,46194255,246
1.0043,0.0011,0.0023,-0.0610,0.0000,0.0305,0.70455,-0.00157,-0.70965,-0.00160,0,0,46207434,247
1.0055,0.0000,-0.0039,0.0000,-0.1526,-0.1221,0.70454,-0.00157,-0.70966,-0.00161,0,0,46220532,249
1.0044,0.0020,-0.0002,0.0916,0.0000,0.0305,0.70456,-0.00156,-0.70964,-0.00162,0,0,46238066,247
1.0052,0.0013,-0.0115,-0.0305,0.1526,-0.0610,0.70452,-0.00154,-0.70968,-0.00163,0,0,46264201,246
1.0038,-0.0055,-0.0035,-0.0610,-0.1526,0.0610,0.70451,-0.00156,-0.70969,-0.00162,0,0,46294829,247
1.0022,-0.0029,-0.0029,-0.0305,0.0610,-0.0610,0.70454,-0.00158,-0.70966,-0.00161,0,0,46312361,247
1.0051,-0.0002,-0.0012,0.0305,-0.0610,-0.0916,0.70455,-0.00156,-0.70965,-0.00164,0,0,46343028,247
1.0067,-0.0005,-0.0017,0.0305,-0.0610,-0.0916,0.70456,-0.00153,-0.70964,-0.00169,0,0,46373700,248
1.0022,-0.0012,-0.0095,0.0000,-0.0916,0.0610,0.70456,-0.00154,-0.70964,-0.00168,0,0,46391216,247
1.0049,-0.0012,-0.0006,-0.0305,-0.0916,-0.0916,0.70456,-0.00153,-0.70964,-0.00170,0,0,46421909,248
1.0013,-0.0038,-0.0004,-0.1221,-0.1526,0.0610,0.70459,-0.00157,-0.70961,-0.00168,0,0,46452569,248
1.0063,-0.0045,-0.0022,0.0305,-0.1526,0.0305,0.70459,-0.00159,-0.70961,-0.00166,0,0,46483233,246
1.0023,0.0033,-0.0001,0.0305,-0.0305,0.0916,0.70460,-0.00157,-0.70960,-0.00169,0,0,46513809,247
1.0052,-0.0045,-0.0012,0.0916,0.0000,0.0000,0.70460,-0.00156,-0.70960,-0.00170,0,0,46531368,248
1.0031,-0.0013,-0.0011,-0.0305,-0.0610,-0.0916,0.70464,-0.00158,-0.70956,-0.00169,0,0,46561959,248
1.0040,-0.0037,-0.0021,0.0000,-0.1221,-0.0305,0.70469,-0.00159,-0.70951,-0.00167,0,0,46592674,248
1.0004,-0.0029,-0.0002,-0.0305,0.0916,0.0610,0.70471,-0.00161,-0.70950,-0.00165,0,0,46610120,249
1.0063,0.0004,-0.0011,-0.0610,-0.0305,-0.0916,0.70471,-0.00161,-0.70950,-0.00166,0,0,46640786,246
1.0016,-0.0040,-0.0051,-0.1526,0.0000,0.0000,0.70474,-0.00163,-0.70947,-0.00165,0,0,46671429,247
1.0022,-0.0050,-0.0020,-0.0916,-0.1526,0.0000,0.70475,-0.00164,-0.70945,-0.00165,0,0,46684569,249
1.0084,0.0004,-0.0040,-0.0916,-0.0916,-0.0916,0.70477,-0.00165,-0.70943,-0.00165,0,0,46702042,247
1.0048,0.0011,0.0001,0.0305,0.0305,0.1526,0.70478,-0.00166,-0.70942,-0.00164,0,0,46715122,249
1.0067,-0.0009,-0.0045,-0.0305,-0.0610,0.1831,0.70478,-0.00165,-0.70942,-0.00165,0,0,46732591,248
1.0032,-0.0023,0.0035,-0.0305,0.1831,-0.0610,0.70485,-0.00166,-0.70935,-0.00165,0,0,46763249,246
1.0044,0.0017,-0.0060,0.1526,-0.1221,-0.0610,0.70482,-0.00164,-0.70938,-0.00166,0,0,46780772,248
1.0046,0.0009,-0.0022,-0.0610,0.0305,-0.0305,0.70478,-0.00166,-0.70942,-0.00165,0,0,46811479,249
1.0040,-0.0062,0.0037,0.0916,0.0000,0.1831,0.70479,-0.00166,-0.70942,-0.00165,0,0,46842120,249
1.0040,-0.0043,0.0007,-0.0610,-0.1221,-0.0916,0.70477,-0.00162,-0.70943,-0.00170,0,0,46872824,247
1.0049,-0.0029,-0.0004,0.0916,0.0000,-0.0305,0.70477,-0.00161,-0.70943,-0.00171,0,0,46890403,248
0.9983,-0.0061,0.0011,-0.0305,-0.0916,0.0610,0.70478,-0.00164,-0.70942,-0.00168,0,0,46921087,249
1.0001,-0.0034,-0.0056,0.0305,-0.1221,-0.0305,0.70478,-0.00166,-0.70942,-0.00166,0,0,46934260,246
1.0034,-0.0028,-0.0062,0.0305,-0.0305,0.0916,0.70478,-0.00166,-0.70942,-0.00166,0,0,46951790,246
1.0013,-0.0006,0.0004,-0.0610,0.0305,0.0000,0.70480,-0.00165,-0.70941,-0.00167,0,0,46969372,247
