1.00,-0.00,-0.00,-0.03,0.00,0.03,0.70040,0.00426,-0.71372,0.00419,0,0,10248498,253
1.00,-0.00,-0.00,-0.03,0.12,0.00,0.70040,0.00424,-0.71372,0.00420,0,0,10265661,251
1.00,-0.00,-0.00,-0.06,0.09,0.06,0.70041,0.00425,-0.71372,0.00419,0,0,10278633,251
1.00,-0.00,-0.00,0.00,-0.09,0.09,0.70040,0.00424,-0.71372,0.00420,0,0,10300067,252
1.00,-0.01,-0.01,0.00,0.03,0.09,0.70036,0.00422,-0.71376,0.00422,0,0,10312988,251
1.00,-0.00,0.00,0.00,0.18,0.00,0.70037,0.00422,-0.71376,0.00423,0,0,10330233,254
1.00,-0.00,0.00,-0.06,0.09,0.00,0.70040,0.00422,-0.71372,0.00423,0,0,10347400,254
1.00,-0.00,-0.00,0.09,0.03,0.09,0.70040,0.00419,-0.71372,0.00426,0,0,10377500,253
1.00,-0.00,-0.00,-0.03,0.09,0.03,0.70040,0.00420,-0.71372,0.00425,0,0,10390369,252
1.00,-0.00,-0.00,-0.03,0.03,0.09,0.70040,0.00419,-0.71373,0.00425,0,0,10407604,251
1.00,-0.00,0.00,0.00,0.00,0.06,0.70041,0.00419,-0.71371,0.00425,0,0,10424777,253
1.00,-0.00,-0.00,-0.09,-0.03,0.03,0.70040,0.00419,-0.71372,0.00424,0,0,10437702,250
1.00,-0.00,-0.00,-0.06,0.06,-0.06,0.70040,0.00420,-0.71372,0.00423,0,0,10450640,250
1.00,-0.00,0.00,0.00,0.12,0.03,0.70043,0.00420,-0.71369,0.00423,0,0,10467873,254
1.00,-0.00,-0.00,-0.09,-0.03,0.03,0.70043,0.00421,-0.71369,0.00421,0,0,10485006,248
1.00,-0.00,-0.00,-0.06,-0.06,0.06,0.70042,0.00421,-0.71370,0.00421,0,0,10502243,248
1.00,-0.00,-0.01,0.00,0.09,0.03,0.70041,0.00421,-0.71372,0.00420,0,0,10515111,253
1.00,-0.00,-0.00,0.00,0.12,0.00,0.70041,0.00423,-0.71372,0.00418,0,0,10532341,251
1.00,-0.00,-0.00,-0.06,0.03,0.09,0.70040,0.00423,-0.71373,0.00418,0,0,10549547,251
1.00,-0.00,-0.00,0.00,-0.03,0.09,0.70039,0.00424,-0.71374,0.00417,0,0,10566725,253
1.00,-0.00,-0.00,-0.03,-0.03,0.00,0.70040,0.00423,-0.71373,0.00417,0,0,10575359,250
1.00,-0.00,-0.00,-0.03,0.12,0.09,0.70041,0.00423,-0.71372,0.00417,0,0,10592608,251
1.01,-0.00,-0.00,-0.03,0.03,0.09,0.70043,0.00423,-0.71370,0.00417,0,0,10609786,249
1.00,-0.00,-0.00,0.03,0.09,0.06,0.70044,0.00422,-0.71368,0.00417,0,0,10622660,251
1.00,-0.00,-0.01,0.03,-0.12,0.06,0.70041,0.00421,-0.71371,0.00419,0,0,10639858,251
1.00,-0.00,-0.00,-0.03,0.09,-0.06,0.70042,0.00419,-0.71370,0.00420,0,0,10657081,250
1.00,-0.00,-0.01,-0.03,-0.06,0.00,0.70039,0.00420,-0.71374,0.00418,0,0,10670023,249
1.00,-0.00,-0.00,-0.09,0.06,0.03,0.70040,0.00422,-0.71372,0.00415,0,0,10687298,250
1.00,-0.00,-0.00,-0.06,-0.09,0.00,0.70041,0.00424,-0.71372,0.00412,0,0,10704495,250
1.00,-0.00,-0.00,-0.12,0.06,-0.03,0.70041,0.00425,-0.71371,0.00409,0,0,10721651,249
1.00,-0.00,0.00,-0.09,0.12,0.03,0.70044,0.00426,-0.71369,0.00408,0,0,10730302,252
1.00,-0.00,-0.00,0.00,0.00,0.00,0.70044,0.00426,-0.71369,0.00408,0,0,10751719,253
1.00,-0.01,-0.00,-0.03,0.06,0.12,0.70044,0.00425,-0.71368,0.00408,0,0,10764618,251
1.00,-0.00,-0.00,-0.03,0.06,0.06,0.70046,0.00425,-0.71367,0.00407,0,0,10781801,251
1.00,-0.00,-0.00,-0.12,0.09,-0.03,0.70045,0.00425,-0.71367,0.00407,0,0,10794677,249
1.00,-0.00,-0.00,-0.03,0.09,0.00,0.70046,0.00423,-0.71367,0.00408,0,0,10811941,250
1.00,-0.00,-0.01,-0.06,-0.03,0.09,0.70045,0.00423,-0.71368,0.00408,0,0,10829232,248
1.00,-0.00,-0.00,0.00,-0.03,-0.06,0.70042,0.00423,-0.71371,0.00408,0,0,10842082,251
1.00,-0.00,-0.00,0.03,0.09,-0.06,0.70043,0.00423,-0.71370,0.00409,0,0,10859322,250
1.00,-0.00,0.00,0.00,0.03,0.06,0.70047,0.00423,-0.71366,0.00409,0,0,10876462,255
1.00,-0.00,-0.00,-0.06,-0.03,0.06,0.70047,0.00422,-0.71366,0.00409,0,0,10889334,249
1.00,-0.01,0.00,-0.03,-0.03,0.00,0.70047,0.00419,-0.71366,0.00411,0,0,10906596,251
1.00,-0.00,-0.00,0.03,0.12,-0.06,0.70048,0.00419,-0.71364,0.00412,0,0,10919503,253
1.00,-0.00,-0.00,-0.06,0.09,0.06,0.70050,0.00419,-0.71362,0.00412,0,0,10936669,251
1.00,-0.00,-0.00,-0.03,0.09,0.06,0.70051,0.00421,-0.71361,0.00409,0,0,10953826,251
1.00,-0.00,-0.00,-0.03,0.06,0.03,0.70051,0.00422,-0.71362,0.00408,0,0,10966695,251
1.00,-0.00,-0.00,-0.03,0.00,0.06,0.70052,0.00422,-0.71361,0.00407,0,0,10983949,251
1.00,-0.00,0.00,-0.03,0.06,0.00,0.70055,0.00422,-0.71358,0.00407,0,0,11001171,254
1.00,-0.00,-0.00,-0.03,0.09,0.06,0.70056,0.00423,-0.71357,0.00406,0,0,11013996,251
1.00,-0.00,-0.00,0.03,0.00,0.06,0.70058,0.00423,-0.71355,0.00406,0,0,11031203,252
1.00,-0.00,-0.00,-0.03,-0.03,0.03,0.70060,0.00424,-0.71354,0.00405,0,0,11048355,248
1.00,-0.00,0.00,-0.06,0.03,0.03,0.70062,0.00424,-0.71351,0.00404,0,0,11061322,252
1.00,-0.00,-0.00,-0.06,0.09,0.00,0.70062,0.00424,-0.71351,0.00404,0,0,11078428,251
1.00,-0.00,-0.00,-0.09,-0.03,0.03,0.70064,0.00425,-0.71349,0.00403,0,0,11095618,250
1.00,-0.00,-0.00,0.03,0.00,0.06,0.70065,0.00425,-0.71348,0.00403,0,0,11112801,251
1.00,-0.00,-0.00,-0.06,-0.03,0.09,0.70064,0.00424,-0.71349,0.00403,0,0,11125670,249
1.00,-0.01,-0.00,-0.06,0.03,0.06,0.70063,0.00422,-0.71350,0.00404,0,0,11138615,251
1.00,-0.00,-0.00,-0.09,-0.03,-0.06,0.70063,0.00424,-0.71350,0.00402,0,0,11155774,250
1.00,-0.00,0.00,0.03,-0.03,0.12,0.70064,0.00424,-0.71349,0.00402,0,0,11172994,253
1.00,-0.00,-0.00,-0.03,0.03,0.03,0.70064,0.00424,-0.71349,0.00402,0,0,11185906,251
1.00,-0.00,0.00,-0.06,0.09,0.09,0.70068,0.00423,-0.71346,0.00402,0,0,11203082,255
1.00,-0.00,-0.00,-0.06,-0.09,0.03,0.70067,0.00424,-0.71346,0.00401,0,0,11220323,247
1.00,-0.00,-0.00,-0.12,0.06,0.06,0.70067,0.00424,-0.71346,0.00400,0,0,11233281,250
1.00,-0.00,-0.00,-0.03,0.09,0.06,0.70068,0.00423,-0.71345,0.00401,0,0,11250419,251
1.00,-0.01,-0.00,-0.03,0.06,0.03,0.70068,0.00421,-0.71345,0.00401,0,0,11267619,251
1.00,-0.00,-0.00,0.00,0.12,-0.06,0.70068,0.00422,-0.71346,0.00400,0,0,11280581,251
1.00,-0.00,0.00,-0.03,0.06,0.00,0.70069,0.00423,-0.71345,0.00399,0,0,11289227,254
1.00,-0.01,-0.00,0.00,0.06,0.03,0.70068,0.00420,-0.71345,0.00401,0,0,11314944,251
1.00,-0.00,-0.00,-0.09,0.03,0.03,0.70067,0.00419,-0.71346,0.00402,0,0,11327817,251
1.00,-0.00,-0.00,-0.06,0.03,0.03,0.70069,0.00418,-0.71345,0.00403,0,0,11344901,253
1.00,-0.00,-0.00,-0.06,0.03,-0.06,0.70069,0.00419,-0.71344,0.00402,0,0,11357819,249
1.00,-0.00,-0.00,-0.06,0.03,0.09,0.70066,0.00417,-0.71347,0.00403,0,0,11375019,251
1.00,-0.00,-0.00,-0.03,0.09,0.03,0.70067,0.00417,-0.71347,0.00402,0,0,11392252,250
1.00,-0.00,-0.01,-0.06,0.03,0.00,0.70066,0.00416,-0.71347,0.00403,0,0,11409428,252
1.00,-0.00,-0.00,-0.15,0.06,0.03,0.70066,0.00416,-0.71348,0.00402,0,0,11422359,252
1.00,0.00,-0.01,-0.06,0.00,0.03,0.70063,0.00417,-0.71350,0.00400,0,0,11435265,252
1.00,-0.00,-0.00,-0.06,0.03,-0.03,0.70065,0.00417,-0.71349,0.00400,0,0,11452377,249
1.00,-0.00,-0.00,-0.03,0.03,-0.03,0.70064,0.00416,-0.71349,0.00401,0,0,11469637,249
1.01,-0.00,-0.00,-0.06,0.03,0.00,0.70065,0.00415,-0.71348,0.00401,0,0,11482558,252
1.00,-0.00,-0.00,-0.06,0.15,0.06,0.70067,0.00415,-0.71346,0.00400,0,0,11499691,251
1.00,-0.00,-0.00,0.00,0.09,0.12,0.70068,0.00412,-0.71345,0.00404,0,0,11516869,252
1.00,-0.00,0.00,0.03,0.06,0.00,0.70070,0.00411,-0.71343,0.00405,0,0,11529731,255
1.00,-0.00,-0.00,-0.06,0.12,0.00,0.70073,0.00411,-0.71340,0.00405,0,0,11546929,252
1.00,-0.01,-0.00,-0.09,0.00,0.09,0.70075,0.00408,-0.71338,0.00408,0,0,11564097,252
1.00,-0.00,-0.00,-0.06,0.00,0.06,0.70075,0.00407,-0.71338,0.00408,0,0,11576953,252
1.00,-0.00,-0.00,-0.03,0.00,-0.03,0.70073,0.00407,-0.71340,0.00408,0,0,11594111,251
1.00,-0.00,-0.01,0.00,0.06,-0.03,0.70072,0.00409,-0.71341,0.00406,0,0,11611379,252
1.00,-0.00,-0.00,-0.03,-0.03,0.00,0.70070,0.00409,-0.71343,0.00405,0,0,11628560,250
1.00,-0.00,-0.00,-0.06,-0.03,0.00,0.70069,0.00408,-0.71344,0.00406,0,0,11641467,250
1.00,-0.00,-0.00,-0.06,0.09,0.00,0.70068,0.00408,-0.71345,0.00405,0,0,11658662,252
1.00,-0.00,-0.00,0.00,0.06,0.00,0.70069,0.00408,-0.71344,0.00405,0,0,11671566,252
1.00,-0.00,-0.00,-0.06,0.06,0.03,0.70069,0.00407,-0.71344,0.00405,0,0,11688769,252
1.00,-0.01,0.00,0.00,0.03,-0.09,0.70071,0.00406,-0.71342,0.00406,0,0,11701619,254
1.00,-0.00,0.00,0.00,0.03,0.00,0.70071,0.00405,-0.71342,0.00407,0,0,11718817,255
1.00,-0.01,-0.00,-0.03,0.09,0.06,0.70072,0.00405,-0.71342,0.00407,0,0,11735932,251
1.00,-0.00,-0.01,0.03,0.15,0.03,0.70072,0.00404,-0.71342,0.00408,0,0,11748817,251
1.00,-0.00,-0.00,-0.03,0.06,0.00,0.70071,0.00403,-0.71342,0.00409,0,0,11765996,251
1.00,-0.00,-0.00,-0.03,0.09,0.03,0.70071,0.00403,-0.71342,0.00409,0,0,11783229,250
1.00,-0.00,-0.00,0.00,0.06,0.12,0.70072,0.00402,-0.71341,0.00409,0,0,11800379,252
1.00,-0.00,-0.00,0.03,0.06,-0.06,0.70071,0.00403,-0.71342,0.00408,0,0,11813270,250
1.00,-0.00,-0.00,0.03,-0.03,0.06,0.70069,0.00404,-0.71344,0.00408,0,0,11830382,252
1.00,-0.00,-0.00,-0.06,0.00,0.06,0.70070,0.00404,-0.71343,0.00408,0,0,11838950,251
1.00,-0.00,-0.00,-0.06,0.06,0.03,0.70071,0.00402,-0.71342,0.00408,0,0,11860519,253
1.00,-0.00,-0.00,0.06,0.15,0.03,0.70072,0.00402,-0.71342,0.00408,0,0,11873383,252
1.00,-0.00,-0.00,-0.09,0.09,0.06,0.70072,0.00401,-0.71341,0.00409,0,0,11890568,252
1.00,-0.00,-0.00,0.03,0.03,0.00,0.70074,0.00400,-0.71340,0.00410,0,0,11907686,252
1.00,-0.00,-0.00,-0.03,0.09,-0.03,0.70075,0.00399,-0.71339,0.00410,0,0,11920644,249
1.00,-0.00,-0.00,0.09,0.09,0.06,0.70076,0.00400,-0.71338,0.00409,0,0,11937865,252
1.00,-0.00,-0.00,-0.03,0.00,0.09,0.70077,0.00398,-0.71337,0.00411,0,0,11955058,252
1.00,-0.00,-0.00,-0.06,-0.06,0.03,0.70076,0.00397,-0.71337,0.00412,0,0,11967993,248
1.00,-0.00,-0.00,-0.06,0.06,0.03,0.70074,0.00396,-0.71339,0.00412,0,0,11985275,250
1.00,-0.00,-0.00,-0.06,0.03,-0.03,0.70073,0.00396,-0.71341,0.00411,0,0,12002427,249
1.00,-0.00,-0.00,-0.06,0.09,0.00,0.70073,0.00398,-0.71340,0.00409,0,0,12015331,252
1.00,-0.00,-0.00,-0.03,0.09,0.12,0.70073,0.00398,-0.71340,0.00409,0,0,12028241,250
1.00,-0.00,-0.01,-0.09,-0.03,0.09,0.70072,0.00399,-0.71342,0.00407,0,0,12049713,250
1.00,-0.00,-0.00,0.00,0.00,0.03,0.70071,0.00400,-0.71342,0.00406,0,0,12062647,252
1.00,-0.00,-0.00,-0.09,0.03,0.00,0.70073,0.00400,-0.71340,0.00405,0,0,12079759,252
1.00,-0.00,-0.00,-0.06,-0.03,-0.03,0.70073,0.00401,-0.71340,0.00403,0,0,12092695,250
1.00,-0.00,-0.00,0.00,0.03,0.03,0.70076,0.00402,-0.71338,0.00401,0,0,12109901,252
1.00,-0.00,-0.00,0.00,0.09,-0.03,0.70076,0.00403,-0.71338,0.00400,0,0,12122820,251
1.00,-0.00,-0.00,-0.03,0.09,-0.06,0.70077,0.00404,-0.71337,0.00399,0,0,12139911,250
1.00,-0.01,-0.00,0.03,0.03,0.06,0.70077,0.00403,-0.71337,0.00400,0,0,12157200,252
1.00,-0.00,-0.00,0.00,0.03,0.09,0.70079,0.00403,-0.71335,0.00400,0,0,12174427,251
1.00,-0.00,-0.01,-0.03,0.06,0.00,0.70076,0.00402,-0.71338,0.00401,0,0,12187349,250
1.00,-0.00,-0.00,-0.09,0.09,-0.03,0.70075,0.00402,-0.71338,0.00400,0,0,12204543,249
1.00,-0.00,-0.00,-0.09,0.00,0.00,0.70074,0.00402,-0.71340,0.00400,0,0,12217435,253
1.00,-0.00,-0.00,0.03,0.03,0.06,0.70074,0.00403,-0.71340,0.00398,0,0,12234633,252
1.00,-0.00,-0.00,-0.03,0.09,0.03,0.70073,0.00402,-0.71340,0.00399,0,0,12251817,251
1.00,-0.00,0.00,-0.06,0.12,-0.03,0.70073,0.00401,-0.71340,0.00399,0,0,12264671,252
1.01,0.00,-0.00,-0.03,0.06,0.03,0.70074,0.00403,-0.71339,0.00397,0,0,12281893,254
1.00,-0.00,-0.00,-0.03,0.03,0.00,0.70076,0.00404,-0.71338,0.00396,0,0,12294781,250
1.00,-0.00,-0.00,-0.06,0.00,0.03,0.70077,0.00403,-0.71337,0.00396,0,0,12311927,252
1.00,-0.00,-0.00,0.00,0.06,0.00,0.70077,0.00403,-0.71337,0.00396,0,0,12329200,252
1.00,-0.00,-0.00,0.00,0.09,0.03,0.70077,0.00402,-0.71336,0.00397,0,0,12342022,252
1.00,-0.00,-0.00,-0.03,0.06,0.03,0.70079,0.00402,-0.71335,0.00397,0,0,12359203,252
1.00,-0.00,-0.00,-0.06,-0.03,0.00,0.70080,0.00403,-0.71334,0.00396,0,0,12376412,249
1.00,-0.00,-0.00,-0.03,0.03,0.00,0.70079,0.00403,-0.71334,0.00396,0,0,12393605,251
1.00,-0.00,-0.00,0.00,0.12,-0.06,0.70079,0.00401,-0.71334,0.00397,0,0,12406496,252
1.00,-0.00,-0.00,-0.06,0.03,-0.06,0.70081,0.00403,-0.71333,0.00395,0,0,12423701,250
1.00,-0.01,-0.00,-0.03,0.03,0.06,0.70081,0.00402,-0.71333,0.00396,0,0,12440879,251
1.00,-0.00,-0.00,-0.06,0.06,0.03,0.70082,0.00401,-0.71332,0.00396,0,0,12453731,253
1.00,-0.00,0.00,-0.03,0.12,0.00,0.70085,0.00401,-0.71329,0.00396,0,0,12466603,254
1.00,-0.00,-0.00,-0.06,0.09,0.00,0.70085,0.00400,-0.71328,0.00396,0,0,12483721,253
1.00,-0.00,-0.00,-0.03,0.03,0.03,0.70087,0.00401,-0.71327,0.00394,0,0,12500873,251
1.00,-0.00,-0.00,-0.09,0.06,0.03,0.70089,0.00401,-0.71325,0.00394,0,0,12518044,251
1.00,-0.00,0.00,0.03,0.09,0.03,0.70091,0.00401,-0.71323,0.00395,0,0,12530936,253
1.00,-0.00,0.00,-0.03,0.00,-0.03,0.70092,0.00401,-0.71322,0.00395,0,0,12548074,252
1.00,-0.00,-0.00,-0.03,-0.03,0.00,0.70093,0.00400,-0.71321,0.00395,0,0,12560989,248
1.00,-0.00,-0.00,0.00,0.00,0.06,0.70090,0.00401,-0.71324,0.00395,0,0,12578207,252
1.00,-0.00,-0.00,0.06,0.03,0.00,0.70091,0.00401,-0.71323,0.00395,0,0,12595327,252
1.00,-0.00,0.00,-0.03,0.03,0.00,0.70092,0.00401,-0.71322,0.00394,0,0,12612519,256
1.00,-0.00,-0.00,0.00,-0.03,0.09,0.70092,0.00401,-0.71321,0.00394,0,0,12625375,252
1.00,-0.00,-0.00,0.00,0.00,0.06,0.70093,0.00401,-0.71321,0.00395,0,0,12642528,253
1.00,-0.00,-0.00,-0.06,0.15,-0.03,0.70094,0.00400,-0.71320,0.00396,0,0,12655375,250
1.00,-0.00,-0.00,-0.06,0.00,0.06,0.70093,0.00400,-0.71321,0.00396,0,0,12676901,252
1.00,-0.00,-0.00,0.03,0.09,0.06,0.70093,0.00399,-0.71321,0.00396,0,0,12702689,252
1.00,-0.00,-0.00,-0.03,0.06,0.06,0.70093,0.00400,-0.71321,0.00395,0,0,12719876,251
1.00,-0.00,-0.00,0.03,0.06,0.09,0.70093,0.00401,-0.71321,0.00393,0,0,12732769,252
1.00,-0.00,-0.00,-0.03,0.03,0.06,0.70091,0.00401,-0.71322,0.00394,0,0,12749948,251
1.00,-0.00,-0.00,-0.03,-0.03,0.00,0.70091,0.00400,-0.71322,0.00394,0,0,12767116,251
1.00,-0.00,0.00,0.06,0.03,0.03,0.70091,0.00401,-0.71323,0.00393,0,0,12780021,253
1.00,-0.00,-0.00,-0.03,0.03,-0.03,0.70092,0.00401,-0.71322,0.00393,0,0,12797231,248
1.00,-0.00,-0.01,0.03,0.03,0.06,0.70090,0.00401,-0.71323,0.00393,0,0,12810081,252
1.00,-0.00,-0.00,-0.06,0.03,-0.09,0.70091,0.00402,-0.71323,0.00391,0,0,12827336,250
1.00,-0.01,-0.00,-0.09,0.03,0.06,0.70090,0.00401,-0.71324,0.00392,0,0,12844584,251
1.00,-0.00,-0.00,-0.06,0.09,0.03,0.70090,0.00400,-0.71324,0.00392,0,0,12857484,253
1.00,-0.00,-0.00,0.00,0.03,0.03,0.70090,0.00400,-0.71324,0.00391,0,0,12874665,252
1.00,-0.00,-0.00,-0.03,-0.06,0.03,0.70092,0.00402,-0.71322,0.00390,0,0,12891826,249
1.00,-0.00,-0.00,0.00,0.06,-0.03,0.70093,0.00404,-0.71321,0.00388,0,0,12904663,253
1.00,-0.00,0.00,-0.03,0.09,-0.06,0.70096,0.00405,-0.71318,0.00386,0,0,12926104,253
1.00,-0.00,-0.00,-0.06,0.03,0.06,0.70097,0.00403,-0.71317,0.00387,0,0,12956289,250
1.00,-0.01,-0.00,-0.03,-0.03,0.06,0.70096,0.00402,-0.71318,0.00389,0,0,12969112,251
1.00,-0.00,-0.00,0.00,-0.03,0.06,0.70097,0.00403,-0.71317,0.00387,0,0,12986321,251
1.00,-0.00,-0.00,-0.03,0.03,0.03,0.70096,0.00403,-0.71317,0.00386,0,0,12999212,250
1.00,-0.00,-0.00,-0.03,0.06,0.03,0.70097,0.00401,-0.71317,0.00387,0,0,13033501,253
1.00,-0.00,-0.00,0.00,0.06,0.00,0.70095,0.00400,-0.71319,0.00388,0,0,13050682,252
1.00,-0.00,-0.00,-0.06,0.06,0.03,0.70097,0.00400,-0.71317,0.00388,0,0,13063562,252
1.00,-0.00,-0.00,-0.03,0.06,0.03,0.70098,0.00401,-0.71316,0.00387,0,0,13080703,252
1.00,-0.00,-0.00,0.00,-0.03,0.03,0.70098,0.00401,-0.71315,0.00386,0,0,13093629,251
1.00,-0.01,-0.00,-0.09,0.00,0.06,0.70097,0.00400,-0.71317,0.00386,0,0,13110819,251
1.00,-0.00,-0.00,-0.06,0.15,0.09,0.70097,0.00399,-0.71317,0.00387,0,0,13123667,252
1.00,-0.00,-0.01,-0.03,0.00,0.06,0.70099,0.00400,-0.71315,0.00385,0,0,13140841,251
1.00,-0.00,0.00,-0.03,-0.03,0.03,0.70099,0.00399,-0.71315,0.00386,0,0,13158025,251
1.00,-0.00,-0.00,0.09,0.09,0.06,0.70098,0.00400,-0.71316,0.00386,0,0,13175235,250
1.00,-0.00,-0.00,-0.03,0.06,0.06,0.70099,0.00397,-0.71315,0.00388,0,0,13188076,252
1.00,-0.00,0.00,-0.06,0.03,0.03,0.70101,0.00398,-0.71313,0.00387,0,0,13205323,253
1.00,-0.00,-0.00,0.00,0.09,0.03,0.70101,0.00398,-0.71313,0.00386,0,0,13218224,250
1.00,-0.00,0.00,-0.09,0.00,-0.06,0.70105,0.00396,-0.71309,0.00387,0,0,13235391,252
1.00,-0.00,-0.01,0.00,0.09,0.06,0.70104,0.00397,-0.71310,0.00386,0,0,13252616,252
1.00,-0.00,0.00,-0.03,0.00,-0.09,0.70104,0.00398,-0.71310,0.00384,0,0,13265503,253
1.00,-0.00,0.00,0.00,0.12,0.09,0.70104,0.00397,-0.71310,0.00386,0,0,13282674,254
1.00,-0.00,0.00,-0.06,0.03,0.06,0.70106,0.00396,-0.71308,0.00386,0,0,13299855,253
1.00,-0.00,-0.00,-0.03,0.03,0.06,0.70106,0.00395,-0.71308,0.00387,0,0,13312696,252
1.00,-0.01,-0.00,-0.03,0.06,0.00,0.70106,0.00393,-0.71308,0.00388,0,0,13329886,252
1.00,-0.00,-0.00,-0.06,0.09,0.06,0.70106,0.00392,-0.71308,0.00389,0,0,13342726,253
1.00,-0.00,-0.00,0.00,-0.03,0.06,0.70108,0.00393,-0.71306,0.00388,0,0,13359947,251
1.00,-0.00,-0.00,0.00,0.03,0.09,0.70108,0.00394,-0.71306,0.00387,0,0,13372851,252
1.00,-0.00,-0.00,-0.15,0.12,-0.03,0.70110,0.00392,-0.71305,0.00388,0,0,13390027,249
1.00,-0.00,-0.00,-0.03,0.06,0.09,0.70110,0.00391,-0.71304,0.00390,0,0,13407213,250
1.00,-0.00,-0.00,-0.12,0.09,0.06,0.70112,0.00389,-0.71302,0.00391,0,0,13424334,251
1.00,-0.00,0.00,-0.06,-0.03,0.00,0.70112,0.00389,-0.71302,0.00390,0,0,13437237,250
1.00,-0.00,-0.00,-0.09,0.15,0.00,0.70113,0.00389,-0.71301,0.00389,0,0,13450079,252
1.00,-0.00,0.00,0.03,0.00,0.00,0.70118,0.00390,-0.71296,0.00389,0,0,13471643,254
1.00,-0.00,-0.01,-0.09,0.00,-0.06,0.70116,0.00391,-0.71298,0.00387,0,0,13484585,249
1.00,-0.00,-0.00,0.00,0.12,0.18,0.70113,0.00389,-0.71302,0.00389,0,0,13501801,250
1.00,-0.00,-0.00,-0.03,0.03,0.12,0.70113,0.00389,-0.71301,0.00389,0,0,13514645,252
1.00,-0.00,0.00,-0.03,0.03,0.03,0.70115,0.00388,-0.71299,0.00390,0,0,13531818,253
1.00,-0.00,-0.00,-0.06,-0.06,0.12,0.70114,0.00387,-0.71300,0.00390,0,0,13544665,249
1.00,-0.00,-0.00,0.03,0.09,0.06,0.70114,0.00387,-0.71300,0.00390,0,0,13561902,251
1.00,-0.00,-0.00,0.00,0.03,0.03,0.70114,0.00386,-0.71300,0.00391,0,0,13579099,253
1.00,-0.00,-0.00,-0.06,0.09,0.00,0.70114,0.00386,-0.71301,0.00390,0,0,13591990,250
1.00,0.00,-0.01,-0.03,0.03,0.06,0.70113,0.00387,-0.71301,0.00389,0,0,13609247,252
1.00,-0.00,-0.00,0.06,0.18,0.00,0.70114,0.00389,-0.71300,0.00387,0,0,13622062,251
1.00,0.00,0.00,-0.06,0.03,0.00,0.70115,0.00390,-0.71300,0.00386,0,0,13643598,254
1.00,-0.00,-0.00,-0.06,0.06,-0.03,0.70116,0.00390,-0.71298,0.00386,0,0,13656463,250
1.00,-0.00,-0.00,-0.03,0.12,0.00,0.70117,0.00389,-0.71297,0.00386,0,0,13673625,251
1.00,-0.00,-0.00,-0.03,0.00,0.00,0.70115,0.00390,-0.71299,0.00384,0,0,13690847,251
1.00,-0.00,-0.00,0.00,0.00,0.15,0.70114,0.00390,-0.71300,0.00384,0,0,13703692,253
1.00,-0.00,0.00,-0.03,0.09,0.00,0.70114,0.00389,-0.71300,0.00386,0,0,13716600,254
1.00,-0.00,-0.00,-0.06,0.03,0.06,0.70115,0.00389,-0.71300,0.00385,0,0,13733723,253
1.00,-0.00,0.00,-0.09,-0.06,-0.03,0.70116,0.00390,-0.71298,0.00384,0,0,13750897,251
1.00,0.00,-0.00,-0.09,-0.03,0.00,0.70117,0.00389,-0.71297,0.00383,0,0,13768072,252
1.00,-0.00,-0.00,0.03,-0.09,-0.03,0.70117,0.00390,-0.71297,0.00383,0,0,13781021,248
1.00,-0.00,-0.00,0.03,0.03,0.03,0.70119,0.00389,-0.71295,0.00385,0,0,13798251,250
1.00,-0.00,-0.00,-0.12,0.06,0.06,0.70118,0.00389,-0.71296,0.00384,0,0,13811096,252
1.00,-0.00,-0.00,-0.06,0.09,0.09,0.70117,0.00389,-0.71297,0.00383,0,0,13828329,250
1.00,0.00,-0.00,-0.06,0.03,0.03,0.70117,0.00390,-0.71297,0.00381,0,0,13845505,255
1.00,-0.00,0.00,-0.09,0.06,0.03,0.70120,0.00391,-0.71295,0.00380,0,0,13862667,254
1.00,-0.00,-0.00,0.03,0.00,0.09,0.70122,0.00390,-0.71293,0.00381,0,0,13875521,253
1.00,-0.00,-0.00,-0.03,0.00,0.09,0.70120,0.00391,-0.71294,0.00380,0,0,13888381,252
1.00,-0.00,-0.00,-0.06,0.00,0.00,0.70121,0.00392,-0.71294,0.00378,0,0,13909850,251
1.00,-0.00,0.00,-0.03,0.00,0.06,0.70125,0.00391,-0.71290,0.00377,0,0,13922697,255
1.00,-0.00,-0.00,0.00,0.09,0.03,0.70126,0.00391,-0.71289,0.00376,0,0,13939986,250
1.00,-0.00,-0.00,-0.03,0.03,0.00,0.70125,0.00391,-0.71289,0.00376,0,0,13952879,252
1.00,-0.00,-0.00,0.00,-0.03,0.06,0.70127,0.00391,-0.71287,0.00375,0,0,13970022,251
1.00,-0.00,-0.01,-0.03,0.06,-0.03,0.70124,0.00392,-0.71291,0.00374,0,0,13982894,249
1.00,-0.00,-0.01,-0.06,0.03,0.00,0.70121,0.00392,-0.71293,0.00374,0,0,14000085,253
1.00,-0.00,0.00,-0.03,0.09,0.06,0.70124,0.00392,-0.71290,0.00373,0,0,14013013,253
1.00,-0.00,-0.00,-0.03,0.00,0.09,0.70123,0.00392,-0.71291,0.00372,0,0,14030239,250
1.00,-0.00,-0.00,0.03,0.06,0.15,0.70124,0.00389,-0.71290,0.00375,0,0,14047372,252
1.00,-0.00,-0.00,-0.03,-0.03,0.03,0.70125,0.00389,-0.71289,0.00375,0,0,14064537,251
1.00,-0.00,-0.00,-0.06,0.09,0.06,0.70126,0.00388,-0.71288,0.00375,0,0,14077433,250
1.00,-0.00,-0.00,0.06,-0.03,0.03,0.70126,0.00389,-0.71288,0.00374,0,0,14094590,251
1.00,-0.00,-0.00,-0.09,0.09,0.06,0.70127,0.00389,-0.71287,0.00373,0,0,14107522,252
1.00,-0.00,-0.00,-0.15,0.00,0.03,0.70127,0.00390,-0.71287,0.00372,0,0,14124675,251
1.00,0.00,-0.00,-0.03,0.18,0.03,0.70129,0.00390,-0.71285,0.00371,0,0,14141854,254
1.00,-0.00,-0.00,0.06,-0.03,-0.03,0.70128,0.00390,-0.71286,0.00371,0,0,14154700,249
1.00,-0.00,-0.00,-0.12,0.00,-0.03,0.70125,0.00389,-0.71289,0.00371,0,0,14171896,249
1.00,-0.01,-0.00,-0.06,0.06,0.06,0.70123,0.00388,-0.71291,0.00371,0,0,14189143,253
1.00,-0.01,-0.00,-0.09,0.03,0.00,0.70121,0.00385,-0.71294,0.00373,0,0,14201987,251
1.00,-0.00,-0.00,-0.06,0.00,0.00,0.70119,0.00384,-0.71296,0.00374,0,0,14219242,250
1.00,-0.00,-0.00,-0.12,0.15,0.00,0.70119,0.00383,-0.71296,0.00374,0,0,14236375,252
1.00,-0.00,-0.00,0.00,0.03,0.06,0.70119,0.00383,-0.71296,0.00374,0,0,14249314,251
1.00,-0.01,-0.00,-0.03,0.03,0.06,0.70120,0.00382,-0.71294,0.00375,0,0,14283612,251
1.00,-0.00,-0.00,0.00,0.03,0.00,0.70120,0.00379,-0.71294,0.00378,0,0,14300806,251
1.00,-0.00,-0.00,-0.06,0.06,0.03,0.70120,0.00378,-0.71294,0.00378,0,0,14309379,251
1.00,-0.00,0.00,-0.06,0.06,0.09,0.70121,0.00377,-0.71293,0.00378,0,0,14330890,253
1.00,-0.00,-0.00,0.00,-0.06,-0.03,0.70120,0.00377,-0.71294,0.00378,0,0,14343784,248
1.00,-0.00,-0.00,-0.03,-0.06,0.03,0.70120,0.00376,-0.71295,0.00379,0,0,14360946,249
1.00,-0.01,-0.00,-0.06,0.09,0.00,0.70120,0.00375,-0.71294,0.00380,0,0,14373891,252
1.00,-0.00,-0.01,0.00,0.12,0.06,0.70120,0.00374,-0.71295,0.00380,0,0,14391059,251
1.00,-0.00,-0.01,-0.03,0.03,0.09,0.70118,0.00375,-0.71296,0.00378,0,0,14408259,250
1.00,-0.00,-0.00,-0.03,0.12,0.03,0.70119,0.00376,-0.71295,0.00377,0,0,14421090,252
1.00,-0.00,-0.00,0.00,0.06,0.00,0.70119,0.00376,-0.71296,0.00377,0,0,14438324,253
1.00,-0.00,-0.00,0.00,0.06,0.03,0.70119,0.00377,-0.71295,0.00375,0,0,14451308,250
1.00,-0.00,0.00,-0.06,0.06,0.03,0.70121,0.00376,-0.71294,0.00376,0,0,14468490,255
1.00,-0.00,-0.00,0.00,-0.03,0.06,0.70123,0.00378,-0.71292,0.00373,0,0,14485663,252
1.00,-0.00,-0.00,-0.09,0.03,0.09,0.70123,0.00378,-0.71291,0.00373,0,0,14502893,252
1.00,-0.00,-0.00,-0.09,0.06,0.06,0.70123,0.00378,-0.71292,0.00372,0,0,14515805,250
1.00,-0.00,-0.00,-0.03,0.00,0.06,0.70121,0.00377,-0.71294,0.00373,0,0,14528668,251
1.00,-0.00,-0.00,-0.09,0.03,0.03,0.70122,0.00375,-0.71293,0.00375,0,0,14545800,251
1.00,-0.00,-0.00,0.00,0.00,0.00,0.70123,0.00374,-0.71292,0.00375,0,0,14562925,252
1.00,-0.00,-0.00,-0.03,0.03,0.09,0.70123,0.00375,-0.71291,0.00374,0,0,14580100,253
1.00,-0.00,-0.00,-0.03,-0.03,0.00,0.70122,0.00375,-0.71292,0.00373,0,0,14593006,248
1.00,-0.00,-0.00,0.00,0.03,0.00,0.70122,0.00376,-0.71293,0.00372,0,0,14610277,251
1.00,-0.00,-0.00,0.03,0.09,-0.06,0.70121,0.00374,-0.71293,0.00374,0,0,14623217,250
1.00,-0.00,-0.00,0.00,0.03,0.03,0.70122,0.00372,-0.71292,0.00375,0,0,14640390,252
1.00,-0.00,-0.00,0.00,0.00,0.00,0.70121,0.00372,-0.71294,0.00375,0,0,14653283,250
1.00,-0.00,-0.00,-0.06,0.06,-0.03,0.70121,0.00374,-0.71293,0.00373,0,0,14674703,250
1.00,-0.00,-0.00,0.00,-0.03,0.00,0.70121,0.00375,-0.71293,0.00372,0,0,14687611,252
1.00,-0.00,-0.00,0.03,0.06,0.03,0.70122,0.00376,-0.71292,0.00371,0,0,14704762,252
1.00,-0.00,-0.00,0.00,0.03,0.12,0.70123,0.00376,-0.71291,0.00372,0,0,14717645,252
1.00,-0.00,-0.00,-0.09,0.03,-0.03,0.70124,0.00374,-0.71291,0.00374,0,0,14734806,249
1.00,-0.00,-0.00,-0.06,0.00,0.03,0.70122,0.00374,-0.71293,0.00372,0,0,14752006,250
1.00,-0.00,-0.00,0.00,0.06,0.06,0.70123,0.00375,-0.71292,0.00372,0,0,14764905,252
1.00,-0.01,0.00,-0.06,0.03,0.00,0.70125,0.00374,-0.71290,0.00373,0,0,14782059,254
1.00,-0.00,-0.00,-0.09,0.09,0.06,0.70124,0.00374,-0.71290,0.00371,0,0,14799354,250
1.00,-0.00,-0.01,-0.09,0.09,0.00,0.70122,0.00376,-0.71293,0.00368,0,0,14816563,252
1.00,-0.00,-0.00,-0.06,0.06,0.03,0.70121,0.00376,-0.71294,0.00368,0,0,14829451,251
1.00,-0.00,-0.00,-0.09,0.09,0.06,0.70122,0.00374,-0.71292,0.00369,0,0,14842339,250
1.00,-0.00,0.01,-0.03,0.03,0.03,0.70125,0.00374,-0.71290,0.00368,0,0,14859503,256
1.00,-0.00,-0.00,0.00,0.06,0.03,0.70126,0.00374,-0.71288,0.00369,0,0,14872366,251
1.00,-0.00,0.00,0.00,0.06,0.03,0.70127,0.00374,-0.71288,0.00369,0,0,14889520,256
1.00,-0.00,-0.00,-0.03,0.00,0.12,0.70127,0.00373,-0.71287,0.00370,0,0,14906674,251
1.00,-0.00,-0.00,0.00,0.09,-0.03,0.70126,0.00372,-0.71289,0.00370,0,0,14923869,252
1.00,0.00,0.00,0.00,0.06,-0.06,0.70125,0.00373,-0.71289,0.00369,0,0,14936760,255
1.00,-0.00,-0.00,0.00,0.03,0.00,0.70125,0.00373,-0.71290,0.00369,0,0,14953899,253
1.00,-0.01,-0.00,-0.06,0.09,0.03,0.70126,0.00371,-0.71288,0.00370,0,0,14966765,252
1.00,-0.00,-0.00,-0.03,0.06,-0.06,0.70126,0.00370,-0.71289,0.00370,0,0,14983935,249
1.00,-0.00,-0.00,-0.03,0.03,0.00,0.70127,0.00369,-0.71288,0.00370,0,0,15001193,253
1.00,-0.00,-0.00,0.00,0.06,0.06,0.70127,0.00368,-0.71288,0.00371,0,0,15014061,251
1.00,-0.01,-0.00,0.00,-0.03,0.09,0.70126,0.00365,-0.71289,0.00374,0,0,15031322,251
1.00,-0.00,-0.00,-0.06,0.09,0.03,0.70128,0.00367,-0.71287,0.00371,0,0,15048479,253
1.00,-0.00,-0.00,0.00,0.03,0.00,0.70128,0.00367,-0.71287,0.00371,0,0,15061369,252
1.00,-0.00,-0.00,0.03,0.09,0.06,0.70130,0.00369,-0.71285,0.00369,0,0,15078567,252
1.00,-0.00,-0.00,-0.03,0.06,-0.03,0.70130,0.00368,-0.71285,0.00369,0,0,15095699,250
1.00,-0.00,-0.00,0.03,0.03,0.00,0.70130,0.00369,-0.71284,0.00369,0,0,15108630,251
1.00,-0.00,-0.00,-0.09,0.06,0.03,0.70130,0.00369,-0.71285,0.00368,0,0,15125800,251
1.00,-0.00,-0.00,0.03,0.03,0.03,0.70130,0.00369,-0.71285,0.00368,0,0,15138693,252
1.00,-0.00,0.00,-0.03,0.00,0.09,0.70131,0.00370,-0.71283,0.00367,0,0,15155947,254
1.00,0.00,-0.00,-0.09,0.06,0.00,0.70130,0.00371,-0.71284,0.00365,0,0,15173085,255
1.00,-0.00,-0.00,-0.03,0.03,0.00,0.70132,0.00372,-0.71283,0.00364,0,0,15190283,250
1.00,-0.00,-0.00,-0.09,-0.03,0.03,0.70132,0.00372,-0.71283,0.00363,0,0,15203143,251
1.00,-0.01,-0.00,-0.06,0.06,0.12,0.70133,0.00372,-0.71282,0.00363,0,0,15220390,251
1.00,-0.00,-0.00,0.00,0.03,0.03,0.70134,0.00370,-0.71281,0.00366,0,0,15233295,250
1.00,-0.00,-0.00,-0.06,0.00,-0.03,0.70135,0.00367,-0.71280,0.00367,0,0,15250429,249
1.01,-0.00,-0.00,-0.09,0.06,0.09,0.70137,0.00367,-0.71278,0.00367,0,0,15267603,251
1.00,-0.00,-0.00,-0.03,0.03,0.06,0.70136,0.00366,-0.71279,0.00367,0,0,15280502,253
1.00,-0.00,-0.00,-0.06,0.06,0.03,0.70135,0.00367,-0.71280,0.00366,0,0,15297678,251
1.00,-0.00,-0.00,-0.06,0.09,0.00,0.70134,0.00368,-0.71281,0.00365,0,0,15314887,251
1.00,-0.00,-0.01,0.00,0.06,0.00,0.70132,0.00368,-0.71283,0.00364,0,0,15327778,251
1.00,-0.00,-0.00,-0.06,0.09,0.06,0.70130,0.00370,-0.71285,0.00363,0,0,15344907,253
1.00,-0.00,-0.00,-0.06,0.12,0.00,0.70132,0.00370,-0.71283,0.00362,0,0,15362057,252
1.00,-0.00,-0.00,0.00,0.00,0.06,0.70133,0.00370,-0.71282,0.00362,0,0,15374943,252
1.00,-0.00,-0.00,0.03,0.06,0.09,0.70132,0.00370,-0.71282,0.00361,0,0,15392143,253
1.00,-0.00,-0.00,0.00,0.12,0.06,0.70134,0.00368,-0.71281,0.00363,0,0,15404990,250
1.00,-0.00,-0.00,-0.03,0.06,-0.06,0.70134,0.00369,-0.71281,0.00362,0,0,15422257,248
1.00,-0.00,-0.00,-0.03,0.03,-0.03,0.70135,0.00369,-0.71280,0.00360,0,0,15439460,251
1.00,-0.00,-0.00,0.00,0.09,0.12,0.70135,0.00368,-0.71280,0.00361,0,0,15452362,252
1.00,-0.00,-0.00,-0.03,0.09,0.06,0.70133,0.00365,-0.71281,0.00364,0,0,15469532,253
1.00,-0.00,-0.00,-0.06,0.06,-0.06,0.70137,0.00364,-0.71278,0.00365,0,0,15486692,250
1.00,-0.00,0.00,-0.09,0.09,0.03,0.70138,0.00365,-0.71276,0.00362,0,0,15499633,253
1.00,-0.00,-0.00,0.00,0.12,0.00,0.70140,0.00366,-0.71275,0.00362,0,0,15516797,251
1.00,-0.00,-0.00,-0.06,0.03,-0.03,0.70139,0.00367,-0.71276,0.00361,0,0,15533991,248
1.00,-0.00,-0.00,-0.06,0.03,0.03,0.70140,0.00365,-0.71275,0.00362,0,0,15551227,250
1.00,-0.00,-0.00,0.00,0.03,0.03,0.70139,0.00364,-0.71276,0.00362,0,0,15564071,253
1.00,-0.00,-0.00,0.00,0.03,-0.06,0.70141,0.00364,-0.71274,0.00362,0,0,15576929,252
1.00,-0.00,-0.00,-0.03,0.03,0.00,0.70142,0.00361,-0.71273,0.00363,0,0,15594207,251
1.00,-0.00,-0.00,-0.06,0.12,0.09,0.70142,0.00361,-0.71273,0.00363,0,0,15611429,251
1.00,-0.00,-0.00,-0.06,0.00,0.03,0.70142,0.00360,-0.71273,0.00364,0,0,15624336,252
1.00,-0.00,0.00,-0.09,-0.03,0.06,0.70142,0.00358,-0.71273,0.00364,0,0,15641528,253
1.00,-0.00,-0.00,-0.06,0.09,0.09,0.70142,0.00358,-0.71273,0.00364,0,0,15658697,251
1.00,-0.00,-0.00,-0.03,0.12,0.12,0.70144,0.00356,-0.71271,0.00366,0,0,15671625,251
1.00,-0.00,-0.00,-0.03,0.03,-0.03,0.70147,0.00358,-0.71268,0.00363,0,0,15688725,250
1.00,-0.00,0.00,0.03,0.06,0.00,0.70147,0.00359,-0.71268,0.00362,0,0,15701663,254
1.00,-0.00,0.00,0.00,0.09,0.09,0.70150,0.00358,-0.71265,0.00363,0,0,15718884,254
1.00,-0.00,-0.00,-0.03,0.09,0.09,0.70151,0.00357,-0.71264,0.00363,0,0,15736070,252
1.01,-0.00,0.00,0.06,0.06,-0.03,0.70153,0.00359,-0.71263,0.00362,0,0,15748950,254
1.00,-0.01,-0.00,-0.06,0.09,-0.06,0.70157,0.00359,-0.71258,0.00361,0,0,15766105,250
1.00,-0.01,-0.00,-0.06,0.03,0.06,0.70155,0.00357,-0.71260,0.00363,0,0,15783323,251
1.00,-0.00,0.00,-0.09,0.00,0.00,0.70156,0.00355,-0.71259,0.00363,0,0,15796222,254
1.00,-0.00,-0.00,0.00,0.03,-0.03,0.70156,0.00357,-0.71259,0.00362,0,0,15813360,251
1.00,-0.00,-0.00,0.00,-0.03,0.00,0.70156,0.00358,-0.71260,0.00360,0,0,15826244,250
1.00,-0.00,-0.00,-0.03,0.06,0.12,0.70157,0.00358,-0.71258,0.00360,0,0,15843429,251
1.00,-0.00,-0.00,-0.03,0.03,0.00,0.70156,0.00356,-0.71260,0.00362,0,0,15860608,251
1.00,-0.00,-0.01,0.00,0.03,0.00,0.70153,0.00358,-0.71262,0.00361,0,0,15873493,254
1.00,-0.00,0.00,0.03,0.06,0.03,0.70156,0.00358,-0.71259,0.00361,0,0,15890610,254
1.00,-0.00,0.00,-0.12,-0.03,0.06,0.70156,0.00358,-0.71259,0.00360,0,0,15907783,250
1.00,-0.00,-0.00,-0.09,0.09,0.00,0.70155,0.00357,-0.71260,0.00361,0,0,15924969,251
1.00,-0.00,-0.00,-0.03,0.06,0.00,0.70157,0.00357,-0.71259,0.00360,0,0,15937887,252
1.00,-0.00,-0.01,0.00,0.06,0.09,0.70155,0.00357,-0.71260,0.00360,0,0,15950783,250
1.00,-0.00,0.00,-0.06,0.03,0.03,0.70155,0.00357,-0.71260,0.00360,0,0,15972328,254
1.00,-0.00,-0.00,-0.03,0.03,0.09,0.70154,0.00357,-0.71261,0.00360,0,0,15985211,250
1.00,-0.00,-0.00,-0.09,0.00,0.00,0.70153,0.00358,-0.71262,0.00359,0,0,16002374,252
1.00,-0.00,-0.00,-0.09,0.06,0.03,0.70153,0.00357,-0.71262,0.00360,0,0,16015325,250
1.00,-0.00,-0.01,-0.09,0.03,0.12,0.70154,0.00357,-0.71261,0.00359,0,0,16032474,253
1.00,-0.00,-0.00,-0.03,-0.03,0.09,0.70153,0.00358,-0.71262,0.00357,0,0,16049672,249
1.00,-0.00,-0.00,-0.15,0.21,0.06,0.70155,0.00358,-0.71260,0.00356,0,0,16062636,251
1.00,-0.00,-0.00,-0.03,0.06,0.06,0.70155,0.00359,-0.71260,0.00355,0,0,16079822,251
1.00,-0.00,-0.00,-0.06,0.00,0.03,0.70157,0.00361,-0.71259,0.00352,0,0,16092653,252
1.01,-0.00,-0.00,-0.09,0.00,0.06,0.70157,0.00361,-0.71258,0.00351,0,0,16109798,251
1.00,-0.00,-0.00,0.00,0.12,0.09,0.70155,0.00361,-0.71260,0.00350,0,0,16126940,252
1.00,-0.00,-0.00,-0.03,0.09,0.06,0.70155,0.00362,-0.71260,0.00349,0,0,16139820,251
1.00,-0.00,-0.00,-0.03,0.06,0.03,0.70157,0.00363,-0.71259,0.00348,0,0,16156989,251
1.00,-0.00,-0.00,-0.03,0.12,0.03,0.70156,0.00364,-0.71259,0.00347,0,0,16169886,251
1.00,-0.00,-0.00,-0.06,0.00,0.06,0.70157,0.00363,-0.71259,0.00348,0,0,16187060,252
1.00,-0.00,0.00,-0.06,0.12,0.06,0.70157,0.00363,-0.71259,0.00347,0,0,16204267,252
1.00,-0.00,-0.00,-0.06,0.03,0.15,0.70157,0.00363,-0.71259,0.00347,0,0,16217072,252
1.00,-0.00,-0.00,-0.03,0.06,0.15,0.70156,0.00362,-0.71260,0.00347,0,0,16247225,250
1.00,-0.00,-0.00,-0.03,0.09,0.06,0.70156,0.00361,-0.71259,0.00348,0,0,16268652,251
1.00,-0.00,-0.00,0.00,0.00,0.03,0.70157,0.00360,-0.71258,0.00348,0,0,16281571,252
1.00,-0.00,-0.00,0.03,0.00,0.09,0.70156,0.00358,-0.71259,0.00350,0,0,16298704,252
1.00,-0.00,-0.00,-0.09,0.03,0.09,0.70156,0.00356,-0.71259,0.00352,0,0,16311611,251
1.00,-0.00,-0.00,-0.06,0.12,0.12,0.70158,0.00355,-0.71257,0.00352,0,0,16328787,250
1.00,0.00,-0.00,-0.06,0.03,0.00,0.70157,0.00356,-0.71258,0.00350,0,0,16341665,254
1.00,-0.00,0.00,-0.06,0.12,0.00,0.70159,0.00357,-0.71257,0.00349,0,0,16358852,253
1.00,-0.00,-0.00,-0.03,0.09,0.00,0.70158,0.00357,-0.71258,0.00348,0,0,16376003,250
1.00,-0.00,-0.00,-0.12,0.06,0.00,0.70156,0.00358,-0.71259,0.00346,0,0,16397543,251
1.00,-0.00,-0.00,-0.06,0.00,0.06,0.70156,0.00358,-0.71259,0.00346,0,0,16423340,250
1.00,-0.00,-0.00,-0.03,0.03,-0.03,0.70156,0.00356,-0.71260,0.00347,0,0,16436323,247
1.00,-0.00,0.00,-0.03,0.12,0.00,0.70156,0.00357,-0.71260,0.00347,0,0,16453604,254
1.00,-0.00,-0.00,0.00,-0.03,0.15,0.70157,0.00357,-0.71258,0.00346,0,0,16470716,253
1.00,0.00,0.00,0.03,0.06,0.12,0.70160,0.00358,-0.71255,0.00345,0,0,16483591,254
1.00,-0.00,-0.00,-0.06,0.09,0.03,0.70160,0.00359,-0.71256,0.00343,0,0,16500767,252
1.00,-0.00,-0.00,0.03,0.12,0.03,0.70158,0.00360,-0.71258,0.00343,0,0,16517930,251
1.00,-0.00,-0.00,0.09,0.09,-0.06,0.70158,0.00361,-0.71257,0.00343,0,0,16526533,253
1.00,-0.00,0.00,-0.06,0.06,0.12,0.70160,0.00360,-0.71255,0.00344,0,0,16547944,254
1.00,-0.00,-0.00,-0.03,0.06,0.03,0.70159,0.00360,-0.71257,0.00345,0,0,16565077,252
1.00,-0.01,-0.00,-0.09,-0.03,0.00,0.70160,0.00356,-0.71256,0.00347,0,0,16582264,248
1.00,-0.00,-0.00,0.00,0.06,0.03,0.70159,0.00356,-0.71256,0.00347,0,0,16595118,253
1.00,-0.00,-0.00,0.03,0.12,0.03,0.70161,0.00358,-0.71254,0.00346,0,0,16612335,249
1.00,-0.00,-0.00,0.00,0.00,0.03,0.70162,0.00357,-0.71254,0.00346,0,0,16625225,250
1.00,-0.00,-0.00,-0.06,0.06,0.03,0.70163,0.00358,-0.71252,0.00345,0,0,16642372,251
1.00,-0.00,0.00,0.00,0.06,0.00,0.70165,0.00358,-0.71250,0.00345,0,0,16655247,254
1.00,-0.00,-0.00,0.03,0.06,-0.03,0.70163,0.00359,-0.71252,0.00343,0,0,16672382,251
1.00,-0.00,-0.00,0.03,0.03,0.00,0.70163,0.00360,-0.71252,0.00343,0,0,16689514,254
1.00,-0.00,0.00,-0.03,0.03,0.03,0.70166,0.00360,-0.71250,0.00342,0,0,16702395,254
1.00,-0.00,0.00,-0.03,0.03,0.00,0.70168,0.00360,-0.71248,0.00342,0,0,16719554,255
1.00,-0.00,-0.00,-0.09,0.03,0.06,0.70168,0.00360,-0.71247,0.00341,0,0,16732424,251
1.00,-0.00,-0.00,-0.09,0.06,0.03,0.70169,0.00361,-0.71246,0.00339,0,0,16749650,252
1.00,-0.00,-0.00,-0.06,0.03,0.06,0.70172,0.00362,-0.71244,0.00337,0,0,16766766,252
1.00,-0.00,0.00,-0.06,0.03,0.03,0.70172,0.00361,-0.71244,0.00337,0,0,16783960,254
1.00,-0.00,-0.00,0.03,0.00,0.00,0.70172,0.00362,-0.71244,0.00336,0,0,16801165,252
1.00,-0.00,0.00,0.00,0.12,-0.03,0.70173,0.00363,-0.71242,0.00335,0,0,16826899,254
1.00,0.00,-0.00,-0.03,0.06,0.03,0.70173,0.00362,-0.71242,0.00335,0,0,16844059,253
1.00,-0.00,-0.00,0.03,-0.03,0.03,0.70175,0.00362,-0.71241,0.00335,0,0,16861280,250
1.00,-0.01,-0.00,0.00,0.06,0.09,0.70176,0.00359,-0.71240,0.00338,0,0,16878505,253
1.00,-0.00,-0.01,-0.06,0.09,0.12,0.70174,0.00358,-0.71241,0.00339,0,0,16887077,252
1.00,-0.01,-0.00,-0.06,0.09,0.06,0.70173,0.00357,-0.71243,0.00338,0,0,16904286,250
1.00,-0.00,-0.00,0.00,0.06,0.06,0.70169,0.00356,-0.71246,0.00339,0,0,16921428,251
1.00,-0.00,-0.00,-0.09,0.12,0.03,0.70170,0.00357,-0.71245,0.00338,0,0,16938589,251
1.00,-0.00,-0.00,0.00,0.03,0.12,0.70170,0.00357,-0.71246,0.00337,0,0,16951468,253
1.00,-0.00,-0.00,0.00,0.03,0.06,0.70173,0.00360,-0.71243,0.00334,0,0,16968609,252
1.00,-0.00,-0.00,-0.03,-0.06,0.03,0.70172,0.00359,-0.71243,0.00335,0,0,16985773,250
1.00,-0.00,0.00,-0.06,0.03,0.03,0.70175,0.00359,-0.71241,0.00335,0,0,16998648,254
1.00,-0.00,-0.00,-0.06,0.09,-0.03,0.70176,0.00357,-0.71240,0.00336,0,0,17015854,248
1.00,-0.00,-0.00,-0.03,-0.03,-0.03,0.70176,0.00357,-0.71240,0.00335,0,0,17028764,250
1.00,-0.01,0.00,-0.03,-0.03,0.03,0.70176,0.00355,-0.71239,0.00337,0,0,17045993,251
1.00,-0.00,0.00,0.03,0.03,0.03,0.70180,0.00352,-0.71235,0.00339,0,0,17067521,255
1.00,-0.00,-0.00,-0.06,0.09,0.00,0.70180,0.00353,-0.71235,0.00337,0,0,17076072,252
1.00,-0.00,-0.01,-0.03,0.03,0.09,0.70177,0.00353,-0.71239,0.00337,0,0,17093271,250
1.00,-0.00,-0.01,-0.03,0.03,-0.06,0.70177,0.00353,-0.71239,0.00336,0,0,17110431,249
1.00,-0.00,0.00,0.00,-0.03,-0.03,0.70177,0.00354,-0.71239,0.00336,0,0,17127642,252
1.00,-0.00,-0.01,0.00,0.03,-0.09,0.70177,0.00353,-0.71238,0.00336,0,0,17140514,253
1.00,-0.00,-0.00,0.00,0.06,-0.03,0.70176,0.00354,-0.71240,0.00336,0,0,17157656,252
1.00,-0.00,-0.00,0.00,0.09,0.03,0.70175,0.00353,-0.71240,0.00336,0,0,17174774,252
1.00,-0.00,-0.00,-0.03,0.03,0.09,0.70176,0.00354,-0.71240,0.00335,0,0,17187669,251
1.00,-0.00,-0.00,-0.09,0.09,0.00,0.70175,0.00352,-0.71241,0.00337,0,0,17204854,251
1.00,-0.00,-0.00,0.00,0.03,0.03,0.70172,0.00351,-0.71243,0.00337,0,0,17217693,253
1.00,-0.00,-0.00,0.00,0.09,0.00,0.70173,0.00349,-0.71242,0.00340,0,0,17234883,252
1.00,-0.00,-0.00,0.00,0.06,0.03,0.70174,0.00350,-0.71242,0.00340,0,0,17252061,251
1.00,-0.00,-0.00,-0.03,0.00,0.06,0.70175,0.00349,-0.71241,0.00340,0,0,17264932,252
1.00,-0.00,-0.00,-0.09,0.06,0.00,0.70175,0.00350,-0.71241,0.00339,0,0,17282083,253
1.00,-0.00,0.00,0.00,0.09,0.00,0.70177,0.00349,-0.71239,0.00340,0,0,17299258,253
1.00,-0.00,-0.00,-0.06,0.06,0.06,0.70178,0.00350,-0.71237,0.00339,0,0,17312084,252
1.00,-0.00,-0.00,-0.03,-0.03,0.03,0.70178,0.00349,-0.71238,0.00339,0,0,17333565,249
1.00,-0.00,-0.01,-0.03,0.15,0.00,0.70176,0.00350,-0.71240,0.00338,0,0,17359378,251
1.00,-0.00,-0.00,0.00,0.03,0.06,0.70175,0.00349,-0.71240,0.00339,0,0,17376585,252
1.00,-0.01,-0.00,0.00,0.06,0.03,0.70177,0.00349,-0.71239,0.00340,0,0,17389468,253
1.00,0.00,-0.00,-0.03,-0.03,0.06,0.70175,0.00350,-0.71241,0.00338,0,0,17406653,252
1.00,-0.00,-0.00,-0.06,0.06,0.03,0.70177,0.00349,-0.71239,0.00338,0,0,17428231,250
1.00,-0.00,-0.00,-0.03,0.12,0.03,0.70177,0.00349,-0.71239,0.00338,0,0,17436804,250
1.00,-0.00,-0.00,0.00,0.03,0.06,0.70179,0.00349,-0.71237,0.00338,0,0,17453949,252
1.00,-0.00,-0.00,-0.06,0.00,0.06,0.70179,0.00348,-0.71237,0.00338,0,0,17471205,252
1.00,-0.01,-0.00,-0.06,-0.09,0.03,0.70177,0.00347,-0.71239,0.00338,0,0,17484059,249
1.00,-0.00,-0.00,0.06,0.00,0.00,0.70179,0.00347,-0.71237,0.00340,0,0,17501280,250
1.00,-0.00,-0.01,-0.03,0.03,0.06,0.70177,0.00347,-0.71238,0.00339,0,0,17518427,251
1.00,-0.00,-0.01,-0.06,0.00,-0.03,0.70176,0.00348,-0.71240,0.00338,0,0,17531338,248
1.00,-0.00,-0.00,-0.09,0.06,0.00,0.70175,0.00349,-0.71241,0.00337,0,0,17548498,253
1.00,-0.00,-0.00,0.00,0.06,0.03,0.70173,0.00349,-0.71243,0.00337,0,0,17561379,252
1.00,-0.00,-0.00,-0.06,-0.03,0.00,0.70172,0.00349,-0.71243,0.00335,0,0,17578517,251
1.00,-0.00,-0.00,0.03,0.06,-0.03,0.70173,0.00350,-0.71243,0.00334,0,0,17595740,252
1.00,-0.00,-0.00,-0.03,-0.09,0.00,0.70175,0.00350,-0.71241,0.00334,0,0,17608626,250
1.00,-0.00,-0.00,0.00,0.03,0.00,0.70174,0.00350,-0.71242,0.00333,0,0,17625888,252
1.00,-0.00,-0.00,0.00,0.00,0.00,0.70174,0.00350,-0.71241,0.00333,0,0,17638794,251
1.00,-0.00,-0.00,-0.09,0.06,0.12,0.70174,0.00349,-0.71242,0.00333,0,0,17655996,250
1.00,-0.00,-0.00,-0.03,0.06,0.09,0.70173,0.00348,-0.71243,0.00333,0,0,17673238,250
1.00,-0.01,-0.00,-0.03,0.03,-0.03,0.70175,0.00347,-0.71241,0.00334,0,0,17686062,249
1.00,-0.00,0.00,-0.03,0.06,0.15,0.70177,0.00348,-0.71239,0.00332,0,0,17703279,252
1.00,-0.00,-0.00,-0.06,0.09,-0.03,0.70181,0.00347,-0.71235,0.00333,0,0,17720430,249
1.00,-0.00,-0.00,-0.03,0.03,0.06,0.70181,0.00347,-0.71235,0.00333,0,0,17733347,250
1.00,-0.01,-0.00,-0.03,0.06,0.03,0.70183,0.00346,-0.71233,0.00334,0,0,17750581,251
1.00,-0.00,-0.00,0.00,0.00,0.00,0.70184,0.00346,-0.71232,0.00333,0,0,17767778,250
1.00,-0.00,-0.01,-0.03,0.09,0.00,0.70183,0.00347,-0.71233,0.00332,0,0,17780671,252
1.00,-0.00,-0.00,-0.06,0.09,0.03,0.70184,0.00346,-0.71232,0.00333,0,0,17797880,251
1.00,-0.00,0.00,-0.03,-0.03,0.09,0.70187,0.00347,-0.71229,0.00331,0,0,17815062,251
1.00,-0.00,-0.00,0.00,0.00,0.06,0.70189,0.00346,-0.71226,0.00331,0,0,17832254,251
1.00,-0.00,-0.01,-0.12,0.09,0.06,0.70189,0.00346,-0.71227,0.00330,0,0,17845086,252
1.00,-0.00,-0.01,0.00,0.00,-0.03,0.70187,0.00347,-0.71229,0.00329,0,0,17862297,250
1.00,-0.00,-0.00,-0.09,0.06,0.06,0.70187,0.00346,-0.71229,0.00328,0,0,17875199,251
1.00,-0.01,-0.00,0.00,0.12,0.00,0.70187,0.00344,-0.71229,0.00330,0,0,17892374,252
1.00,-0.00,-0.00,-0.06,0.09,-0.06,0.70187,0.00343,-0.71229,0.00331,0,0,17905288,248
1.00,-0.00,-0.01,-0.09,0.03,0.03,0.70185,0.00344,-0.71231,0.00329,0,0,17922476,253
1.00,-0.00,0.00,-0.03,0.12,0.09,0.70187,0.00346,-0.71228,0.00327,0,0,17952564,254
1.00,-0.00,-0.00,-0.03,0.12,0.03,0.70186,0.00345,-0.71230,0.00328,0,0,17969722,253
1.00,-0.01,-0.00,-0.03,-0.03,0.00,0.70185,0.00342,-0.71231,0.00330,0,0,17982642,250
1.00,-0.00,-0.00,-0.06,0.15,0.03,0.70184,0.00342,-0.71232,0.00330,0,0,17999893,252
1.00,-0.00,-0.00,-0.06,0.03,0.00,0.70183,0.00341,-0.71233,0.00330,0,0,18017085,253
1.00,-0.00,0.00,-0.09,0.03,0.03,0.70186,0.00340,-0.71230,0.00329,0,0,18034319,252
1.00,-0.00,-0.00,-0.03,0.09,0.06,0.70187,0.00339,-0.71229,0.00330,0,0,18047169,251
1.00,-0.00,-0.00,-0.06,0.06,0.06,0.70187,0.00338,-0.71229,0.00331,0,0,18064335,251
1.00,-0.00,0.00,-0.03,0.00,-0.03,0.70188,0.00339,-0.71228,0.00330,0,0,18077266,250
1.00,-0.00,-0.00,0.00,0.00,0.00,0.70188,0.00339,-0.71228,0.00329,0,0,18094468,253
1.00,-0.00,-0.00,-0.09,0.03,-0.03,0.70188,0.00339,-0.71228,0.00328,0,0,18111607,249
1.00,-0.00,-0.00,-0.03,-0.03,0.06,0.70186,0.00338,-0.71230,0.00328,0,0,18124532,251
1.00,-0.00,-0.00,0.00,0.15,0.06,0.70187,0.00336,-0.71229,0.00330,0,0,18141705,253
1.00,-0.00,-0.00,0.00,0.03,0.03,0.70186,0.00338,-0.71230,0.00328,0,0,18158938,250
1.00,-0.00,-0.00,0.06,-0.03,0.06,0.70186,0.00339,-0.71230,0.00327,0,0,18171828,251
1.00,-0.00,-0.00,-0.03,0.00,0.06,0.70187,0.00338,-0.71229,0.00328,0,0,18188993,250
1.00,0.00,0.00,0.00,0.00,0.06,0.70189,0.00339,-0.71227,0.00326,0,0,18201892,254
1.00,-0.00,-0.00,-0.03,0.03,0.03,0.70189,0.00339,-0.71227,0.00327,0,0,18219019,251
1.00,-0.00,0.00,0.06,0.09,0.09,0.70190,0.00338,-0.71226,0.00329,0,0,18236248,252
1.01,-0.00,-0.00,-0.03,0.06,0.09,0.70191,0.00337,-0.71225,0.00329,0,0,18249071,252
1.00,-0.00,-0.00,-0.03,-0.03,0.06,0.70194,0.00336,-0.71222,0.00330,0,0,18266234,248
1.00,-0.00,-0.00,-0.03,0.03,0.06,0.70192,0.00335,-0.71225,0.00329,0,0,18283461,251
1.00,-0.00,-0.00,-0.06,0.09,-0.06,0.70192,0.00337,-0.71224,0.00327,0,0,18296354,248
1.00,-0.00,-0.01,-0.03,-0.03,0.03,0.70189,0.00338,-0.71227,0.00325,0,0,18313635,249
1.00,-0.00,-0.00,-0.09,0.03,0.00,0.70188,0.00337,-0.71228,0.00326,0,0,18326605,251
1.00,-0.00,-0.00,-0.09,0.03,0.15,0.70189,0.00335,-0.71227,0.00326,0,0,18348085,252
1.00,-0.00,-0.00,-0.06,0.03,0.06,0.70188,0.00335,-0.71228,0.00325,0,0,18360963,251
1.00,-0.00,-0.00,0.00,-0.03,-0.06,0.70189,0.00337,-0.71227,0.00323,0,0,18373879,249
1.00,-0.00,-0.00,-0.09,-0.06,0.06,0.70190,0.00336,-0.71226,0.00324,0,0,18391061,250
1.00,-0.00,-0.00,0.03,0.00,0.00,0.70190,0.00337,-0.71226,0.00323,0,0,18403988,251
1.00,-0.00,-0.00,-0.06,0.00,0.09,0.70191,0.00337,-0.71225,0.00323,0,0,18425509,254
1.00,-0.00,0.00,0.00,0.00,0.00,0.70193,0.00335,-0.71223,0.00325,0,0,18438374,255
1.00,-0.00,-0.00,-0.06,0.06,0.03,0.70192,0.00336,-0.71224,0.00324,0,0,18451268,250
1.00,-0.00,-0.00,0.00,0.03,0.00,0.70192,0.00336,-0.71224,0.00324,0,0,18468423,252
1.00,-0.00,0.00,0.00,0.00,0.09,0.70193,0.00337,-0.71223,0.00323,0,0,18485659,254
1.00,-0.00,-0.00,-0.03,0.09,0.06,0.70194,0.00335,-0.71223,0.00324,0,0,18502822,251
1.00,-0.00,-0.00,-0.09,0.00,0.03,0.70194,0.00335,-0.71222,0.00323,0,0,18515693,252
1.00,-0.00,-0.00,-0.06,-0.03,0.03,0.70193,0.00334,-0.71223,0.00324,0,0,18532901,249
1.00,-0.00,-0.00,-0.03,0.00,0.03,0.70192,0.00335,-0.71224,0.00323,0,0,18545832,251
1.00,-0.00,-0.00,0.00,0.15,0.03,0.70191,0.00333,-0.71225,0.00324,0,0,18562989,250
1.00,-0.00,-0.00,-0.03,0.00,-0.09,0.70194,0.00334,-0.71222,0.00322,0,0,18580216,248
1.00,-0.00,0.00,-0.06,0.00,-0.06,0.70195,0.00335,-0.71221,0.00321,0,0,18593118,253
1.00,-0.00,-0.00,0.00,-0.09,-0.06,0.70196,0.00337,-0.71220,0.00320,0,0,18610330,250
1.00,-0.00,-0.00,-0.06,0.03,0.00,0.70196,0.00336,-0.71220,0.00320,0,0,18623255,251
1.00,-0.00,-0.00,-0.03,0.09,0.03,0.70195,0.00336,-0.71221,0.00320,0,0,18640429,251
1.00,-0.00,-0.00,-0.06,0.03,0.06,0.70195,0.00338,-0.71221,0.00318,0,0,18657605,251
1.00,-0.00,-0.00,0.03,0.00,-0.03,0.70198,0.00338,-0.71218,0.00317,0,0,18674833,251
1.00,-0.00,-0.00,0.12,0.09,-0.03,0.70196,0.00338,-0.71220,0.00318,0,0,18687701,252
1.00,-0.00,-0.00,0.03,0.12,0.00,0.70196,0.00338,-0.71221,0.00318,0,0,18700600,251
1.00,-0.00,-0.00,-0.03,0.03,0.00,0.70197,0.00337,-0.71219,0.00319,0,0,18717813,251
1.00,-0.00,0.00,0.03,0.03,0.21,0.70199,0.00334,-0.71217,0.00322,0,0,18734999,253
1.00,-0.00,0.00,0.00,0.03,0.09,0.70199,0.00334,-0.71217,0.00321,0,0,18752257,253
1.00,-0.00,-0.00,-0.06,0.12,0.03,0.70198,0.00335,-0.71218,0.00320,0,0,18765062,251
1.00,-0.00,0.00,-0.12,0.06,0.03,0.70201,0.00335,-0.71215,0.00319,0,0,18782246,252
1.00,-0.00,-0.00,-0.03,0.00,0.06,0.70203,0.00336,-0.71213,0.00318,0,0,18799376,252
1.00,-0.00,-0.00,0.06,0.09,0.00,0.70204,0.00336,-0.71212,0.00317,0,0,18812330,251
1.00,-0.00,-0.00,-0.03,0.06,0.09,0.70205,0.00337,-0.71211,0.00316,0,0,18829472,253
1.00,-0.00,-0.00,-0.03,0.03,0.09,0.70206,0.00337,-0.71210,0.00317,0,0,18846668,251
1.00,-0.00,-0.00,-0.03,0.06,0.15,0.70205,0.00335,-0.71211,0.00318,0,0,18859568,252
1.00,-0.00,-0.00,-0.06,-0.03,0.06,0.70205,0.00336,-0.71211,0.00317,0,0,18876712,250
1.00,-0.00,-0.01,-0.09,0.12,0.03,0.70204,0.00337,-0.71213,0.00315,0,0,18889614,251
1.00,-0.01,-0.00,0.00,0.06,0.06,0.70203,0.00336,-0.71213,0.00315,0,0,18906800,250
1.00,-0.00,-0.00,-0.03,0.06,0.03,0.70204,0.00337,-0.71212,0.00314,0,0,18924016,250
1.00,-0.00,-0.00,-0.03,-0.03,0.00,0.70204,0.00336,-0.71212,0.00314,0,0,18936865,250
1.00,-0.00,-0.00,-0.06,0.12,0.03,0.70203,0.00335,-0.71213,0.00315,0,0,18954077,252
1.00,-0.00,-0.00,-0.09,0.00,0.06,0.70202,0.00334,-0.71214,0.00316,0,0,18971276,250
1.00,-0.00,0.00,-0.03,-0.03,0.06,0.70203,0.00333,-0.71214,0.00316,0,0,18984243,250
1.00,-0.00,-0.00,-0.09,0.06,-0.03,0.70202,0.00333,-0.71214,0.00316,0,0,19001389,250
1.00,-0.00,-0.00,0.00,0.03,-0.06,0.70201,0.00332,-0.71216,0.00315,0,0,19018636,252
1.00,-0.00,-0.00,-0.03,0.03,0.00,0.70204,0.00334,-0.71212,0.00312,0,0,19048695,253
1.00,-0.00,-0.00,-0.06,-0.03,0.09,0.70204,0.00335,-0.71213,0.00310,0,0,19065933,249
1.00,-0.00,0.00,0.00,0.09,-0.03,0.70203,0.00337,-0.71214,0.00308,0,0,19096006,253
1.00,-0.00,-0.00,-0.03,0.00,0.00,0.70205,0.00338,-0.71211,0.00306,0,0,19126055,252
1.00,-0.00,0.00,0.00,0.06,0.06,0.70207,0.00338,-0.71210,0.00306,0,0,19143322,252
1.00,-0.00,-0.00,0.00,0.06,0.06,0.70208,0.00338,-0.71208,0.00306,0,0,19156240,250
1.00,-0.00,-0.00,0.03,0.12,0.06,0.70206,0.00338,-0.71210,0.00307,0,0,19173367,251
1.00,-0.00,-0.00,0.06,0.00,0.06,0.70208,0.00339,-0.71208,0.00305,0,0,19186230,250
1.00,-0.00,-0.00,0.06,0.09,0.03,0.70208,0.00338,-0.71208,0.00306,0,0,19203420,251
1.00,-0.00,-0.01,0.00,0.00,-0.09,0.70209,0.00339,-0.71208,0.00305,0,0,19220648,252
1.00,-0.00,-0.00,-0.06,0.06,0.06,0.70208,0.00338,-0.71209,0.00305,0,0,19233505,253
1.00,-0.00,-0.00,-0.03,0.09,0.03,0.70208,0.00334,-0.71209,0.00308,0,0,19250653,251
1.00,-0.01,-0.00,0.03,0.03,0.00,0.70209,0.00333,-0.71208,0.00310,0,0,19263520,253
1.00,-0.00,-0.00,-0.03,0.09,0.03,0.70209,0.00332,-0.71207,0.00310,0,0,19280667,251
1.00,-0.00,-0.00,-0.06,0.03,0.06,0.70209,0.00332,-0.71208,0.00311,0,0,19297849,251
1.00,-0.00,0.00,-0.09,0.15,0.00,0.70210,0.00332,-0.71206,0.00309,0,0,19314989,252
1.00,-0.00,-0.00,-0.09,-0.03,0.09,0.70209,0.00332,-0.71207,0.00309,0,0,19327897,249
1.00,-0.00,-0.00,-0.06,0.03,0.09,0.70208,0.00331,-0.71209,0.00309,0,0,19345170,251
1.00,-0.00,-0.00,0.00,0.03,0.03,0.70208,0.00332,-0.71209,0.00309,0,0,19362312,251
1.00,0.00,-0.00,-0.03,0.06,0.06,0.70207,0.00332,-0.71210,0.00308,0,0,19375206,254
1.00,-0.00,-0.00,-0.09,0.00,0.03,0.70208,0.00333,-0.71208,0.00306,0,0,19392332,252
1.00,-0.00,-0.00,0.00,0.00,0.06,0.70209,0.00333,-0.71208,0.00307,0,0,19405197,253
1.00,-0.00,-0.00,0.03,0.03,0.00,0.70208,0.00330,-0.71208,0.00309,0,0,19422376,252
1.00,-0.00,-0.01,-0.12,0.12,-0.06,0.70206,0.00330,-0.71210,0.00308,0,0,19439582,249
1.00,-0.00,-0.00,-0.03,0.03,0.09,0.70206,0.00331,-0.71210,0.00307,0,0,19452521,252
1.00,-0.00,0.00,-0.06,0.03,0.00,0.70209,0.00332,-0.71207,0.00306,0,0,19469670,254
1.00,-0.00,0.00,-0.06,0.03,0.09,0.70212,0.00332,-0.71205,0.00305,0,0,19482523,255
1.00,-0.01,-0.00,-0.09,-0.03,0.00,0.70210,0.00330,-0.71206,0.00307,0,0,19499661,250
1.00,-0.00,-0.00,0.00,0.06,0.00,0.70211,0.00331,-0.71206,0.00305,0,0,19516868,252
1.00,-0.00,-0.00,0.00,-0.03,0.03,0.70210,0.00330,-0.71207,0.00306,0,0,19529778,251
1.00,-0.00,-0.00,-0.06,0.09,0.03,0.70209,0.00330,-0.71207,0.00306,0,0,19551267,250
1.00,-0.00,-0.00,-0.12,0.00,0.06,0.70209,0.00329,-0.71208,0.00305,0,0,19564079,252
1.00,-0.00,-0.00,-0.06,0.03,0.00,0.70208,0.00329,-0.71209,0.00304,0,0,19576987,250
1.00,-0.00,-0.00,-0.06,0.12,0.12,0.70208,0.00329,-0.71209,0.00304,0,0,19594233,250
1.00,-0.00,0.00,-0.03,0.00,0.12,0.70210,0.00328,-0.71207,0.00305,0,0,19611361,254
1.00,-0.00,0.00,0.00,-0.06,0.06,0.70212,0.00329,-0.71205,0.00304,0,0,19624222,254
1.00,-0.00,0.00,-0.06,0.09,0.06,0.70213,0.00330,-0.71203,0.00303,0,0,19641334,254
1.00,-0.00,0.00,-0.06,0.09,0.03,0.70216,0.00332,-0.71201,0.00301,0,0,19654199,254
1.00,-0.00,0.00,-0.06,-0.03,0.03,0.70216,0.00329,-0.71200,0.00302,0,0,19675618,252
1.00,-0.00,-0.00,0.00,0.06,-0.03,0.70216,0.00330,-0.71200,0.00301,0,0,19705655,252
1.00,-0.00,-0.00,-0.09,0.03,0.03,0.70216,0.00330,-0.71201,0.00300,0,0,19718520,252
1.00,-0.00,0.00,0.00,-0.03,0.15,0.70219,0.00330,-0.71198,0.00300,0,0,19735643,254
1.00,-0.01,0.00,0.03,-0.12,0.06,0.70219,0.00328,-0.71198,0.00301,0,0,19748563,254
1.00,-0.00,-0.00,-0.06,0.03,-0.03,0.70218,0.00326,-0.71199,0.00303,0,0,19765700,250
1.00,-0.00,-0.00,0.00,0.15,-0.03,0.70220,0.00326,-0.71196,0.00302,0,0,19782870,252
1.00,-0.00,-0.01,-0.06,-0.03,0.03,0.70220,0.00327,-0.71197,0.00301,0,0,19800065,250
1.00,-0.00,-0.00,0.03,-0.03,-0.03,0.70219,0.00327,-0.71198,0.00302,0,0,19812990,248
1.00,-0.00,-0.00,-0.09,0.09,-0.03,0.70219,0.00327,-0.71198,0.00301,0,0,19830233,248
1.00,-0.00,0.00,0.03,-0.03,0.06,0.70219,0.00325,-0.71198,0.00302,0,0,19860269,252
1.00,-0.00,0.00,-0.06,0.03,0.06,0.70218,0.00327,-0.71198,0.00300,0,0,19873063,255
1.00,-0.01,-0.00,-0.03,0.03,0.03,0.70221,0.00325,-0.71196,0.00302,0,0,19894518,253
1.00,-0.00,-0.00,-0.06,0.06,-0.03,0.70220,0.00325,-0.71197,0.00302,0,0,19907378,250
1.00,-0.00,-0.00,0.03,0.03,-0.03,0.70218,0.00324,-0.71198,0.00303,0,0,19924606,251
1.00,-0.00,-0.00,0.12,0.00,-0.03,0.70219,0.00325,-0.71198,0.00303,0,0,19937506,253
1.00,-0.00,-0.01,0.00,0.06,0.09,0.70215,0.00325,-0.71201,0.00303,0,0,19954695,253
1.00,-0.00,-0.00,-0.03,0.00,0.06,0.70215,0.00324,-0.71202,0.00304,0,0,19967602,251
1.00,-0.00,-0.00,-0.03,0.09,-0.03,0.70212,0.00323,-0.71204,0.00303,0,0,19984788,248
1.00,-0.00,-0.00,0.00,0.12,0.00,0.70212,0.00322,-0.71205,0.00304,0,0,19997662,252
1.00,-0.00,-0.00,-0.06,0.03,0.03,0.70215,0.00321,-0.71202,0.00305,0,0,20014805,251
1.00,-0.00,-0.00,0.00,0.12,-0.03,0.70218,0.00320,-0.71199,0.00305,0,0,20031907,253
1.00,0.00,-0.00,0.03,0.03,0.03,0.70221,0.00322,-0.71195,0.00304,0,0,20049058,253
1.00,-0.00,-0.01,-0.03,0.00,0.12,0.70220,0.00323,-0.71196,0.00302,0,0,20061905,251
1.00,-0.00,-0.00,-0.06,0.03,-0.03,0.70220,0.00322,-0.71197,0.00302,0,0,20079092,250
1.00,0.00,0.00,0.06,0.03,0.03,0.70221,0.00323,-0.71196,0.00301,0,0,20092023,253
1.00,-0.00,-0.00,-0.03,0.00,0.03,0.70221,0.00324,-0.71195,0.00299,0,0,20109231,250
1.00,-0.00,0.00,-0.03,0.00,0.09,0.70223,0.00323,-0.71193,0.00300,0,0,20126381,254
1.00,-0.00,-0.00,0.00,0.03,0.00,0.70226,0.00323,-0.71191,0.00300,0,0,20139203,253
1.00,-0.00,0.00,-0.09,0.09,0.09,0.70224,0.00324,-0.71192,0.00299,0,0,20156373,254
1.00,-0.00,-0.00,-0.03,0.03,0.00,0.70224,0.00325,-0.71193,0.00297,0,0,20173563,252
1.00,-0.00,-0.00,0.00,0.09,0.00,0.70224,0.00325,-0.71193,0.00296,0,0,20186464,253
1.00,-0.00,-0.00,-0.06,-0.03,0.03,0.70222,0.00327,-0.71194,0.00294,0,0,20203630,249
1.00,-0.00,-0.00,-0.06,0.03,0.00,0.70225,0.00326,-0.71192,0.00295,0,0,20220765,252
1.00,-0.00,-0.00,-0.03,0.06,0.06,0.70225,0.00326,-0.71191,0.00295,0,0,20233670,252
1.00,-0.00,-0.00,-0.03,0.06,-0.06,0.70223,0.00326,-0.71193,0.00294,0,0,20250859,248
1.00,-0.00,-0.00,-0.03,0.03,-0.09,0.70222,0.00326,-0.71194,0.00294,0,0,20263762,250
1.00,-0.00,-0.00,-0.03,0.06,-0.06,0.70223,0.00325,-0.71194,0.00295,0,0,20280946,250
1.00,-0.00,0.00,0.06,0.03,-0.03,0.70226,0.00325,-0.71191,0.00295,0,0,20298119,255
1.00,-0.00,-0.00,-0.06,-0.03,0.00,0.70227,0.00324,-0.71190,0.00295,0,0,20315322,249
1.00,-0.00,-0.00,0.03,0.03,0.03,0.70226,0.00325,-0.71190,0.00295,0,0,20328323,249
1.00,-0.00,-0.00,0.00,0.03,0.06,0.70226,0.00325,-0.71191,0.00295,0,0,20345541,251
1.00,0.00,-0.00,-0.06,0.03,-0.03,0.70225,0.00326,-0.71192,0.00293,0,0,20358391,252
1.00,-0.00,-0.00,-0.09,0.03,0.06,0.70223,0.00325,-0.71193,0.00293,0,0,20375601,251
1.00,-0.01,0.00,-0.06,-0.03,0.12,0.70223,0.00321,-0.71194,0.00295,0,0,20392805,250
1.00,-0.00,0.00,0.00,0.09,0.06,0.70223,0.00319,-0.71194,0.00297,0,0,20405703,255
1.00,-0.00,0.00,-0.03,0.03,0.09,0.70224,0.00319,-0.71193,0.00297,0,0,20422895,253
1.00,-0.00,0.00,0.00,-0.03,0.00,0.70227,0.00319,-0.71190,0.00297,0,0,20440058,254
1.00,-0.00,-0.00,-0.06,0.09,0.00,0.70227,0.00319,-0.71189,0.00297,0,0,20452904,252
1.00,-0.00,-0.00,-0.06,0.00,0.03,0.70227,0.00319,-0.71190,0.00296,0,0,20470075,252
1.00,-0.00,0.00,0.00,0.12,-0.03,0.70227,0.00319,-0.71189,0.00296,0,0,20487297,252
1.00,-0.00,-0.00,0.00,0.09,0.06,0.70228,0.00319,-0.71189,0.00296,0,0,20500111,253
1.00,-0.00,-0.00,-0.06,0.03,0.00,0.70231,0.00320,-0.71186,0.00295,0,0,20517313,250
1.00,0.00,-0.00,0.00,0.06,-0.03,0.70232,0.00323,-0.71185,0.00291,0,0,20530236,254
1.00,-0.00,0.00,-0.03,0.03,0.03,0.70232,0.00323,-0.71185,0.00291,0,0,20547375,254
1.00,0.00,-0.00,0.06,0.09,0.03,0.70232,0.00324,-0.71185,0.00290,0,0,20564542,254
1.00,-0.00,0.00,-0.09,0.09,0.00,0.70233,0.00324,-0.71184,0.00290,0,0,20577429,254
1.00,-0.00,-0.00,0.00,0.03,0.09,0.70234,0.00325,-0.71183,0.00289,0,0,20594596,252
1.00,-0.00,-0.00,-0.06,-0.03,0.03,0.70231,0.00323,-0.71185,0.00290,0,0,20611770,250
1.00,-0.00,-0.00,-0.03,0.03,0.00,0.70231,0.00325,-0.71186,0.00288,0,0,20624664,251
1.00,-0.00,-0.00,-0.03,0.06,-0.06,0.70231,0.00325,-0.71185,0.00287,0,0,20641890,249
1.00,-0.00,-0.00,-0.03,0.00,0.00,0.70233,0.00323,-0.71184,0.00289,0,0,20654795,251
1.00,-0.00,-0.00,-0.03,0.12,0.03,0.70235,0.00324,-0.71182,0.00289,0,0,20671904,252
1.00,-0.00,-0.00,0.03,0.06,0.00,0.70235,0.00324,-0.71182,0.00288,0,0,20689074,253
1.00,-0.00,-0.00,-0.06,0.03,0.03,0.70235,0.00323,-0.71182,0.00289,0,0,20706281,250
1.00,-0.00,-0.00,-0.03,0.00,-0.06,0.70234,0.00322,-0.71183,0.00289,0,0,20736376,249
1.00,-0.00,-0.00,-0.12,0.09,0.00,0.70234,0.00322,-0.71183,0.00288,0,0,20749330,252
1.00,-0.00,0.00,-0.06,0.12,-0.03,0.70235,0.00322,-0.71182,0.00288,0,0,20766529,253
1.00,-0.00,-0.00,0.00,0.06,0.09,0.70236,0.00323,-0.71181,0.00287,0,0,20779425,251
1.00,-0.00,-0.00,0.00,0.00,-0.06,0.70238,0.00322,-0.71179,0.00287,0,0,20800951,252
1.00,-0.00,-0.00,0.00,0.15,0.06,0.70236,0.00320,-0.71181,0.00289,0,0,20826801,251
1.00,-0.00,-0.00,-0.06,-0.03,0.06,0.70236,0.00320,-0.71180,0.00288,0,0,20843930,250
1.00,-0.00,-0.00,0.00,-0.03,0.00,0.70238,0.00319,-0.71179,0.00289,0,0,20861200,252
1.00,-0.00,-0.00,0.06,0.03,-0.03,0.70238,0.00319,-0.71179,0.00289,0,0,20874025,251
1.00,-0.00,0.00,-0.09,0.00,0.06,0.70241,0.00318,-0.71176,0.00289,0,0,20891204,254
1.00,-0.00,-0.00,-0.03,0.21,0.06,0.70240,0.00320,-0.71177,0.00287,0,0,20908334,251
1.00,-0.00,-0.00,-0.06,0.06,0.03,0.70240,0.00320,-0.71177,0.00286,0,0,20921241,250
1.00,-0.00,-0.00,-0.03,0.03,0.06,0.70239,0.00321,-0.71178,0.00285,0,0,20938427,251
1.00,-0.00,-0.00,-0.06,0.03,-0.03,0.70239,0.00320,-0.71178,0.00285,0,0,20955650,249
1.00,-0.00,-0.00,-0.06,0.09,0.03,0.70238,0.00320,-0.71179,0.00284,0,0,20972900,251
1.00,-0.00,-0.00,-0.12,0.00,0.06,0.70238,0.00319,-0.71179,0.00285,0,0,20985758,252
1.00,-0.00,-0.01,-0.03,0.00,0.06,0.70237,0.00319,-0.71180,0.00285,0,0,21002953,252
1.00,-0.00,-0.00,0.00,0.09,0.06,0.70237,0.00319,-0.71180,0.00285,0,0,21015812,251
1.00,-0.00,-0.00,-0.03,0.09,0.06,0.70237,0.00318,-0.71180,0.00285,0,0,21032990,250
1.00,-0.00,-0.00,-0.03,-0.06,0.06,0.70237,0.00317,-0.71180,0.00287,0,0,21045889,249
1.00,-0.00,-0.00,0.06,0.00,-0.06,0.70235,0.00316,-0.71182,0.00287,0,0,21063209,250
1.00,-0.00,-0.00,-0.06,0.09,0.00,0.70236,0.00316,-0.71181,0.00287,0,0,21080323,252
1.00,-0.00,-0.01,0.06,0.06,0.00,0.70235,0.00316,-0.71182,0.00287,0,0,21093213,250
1.00,-0.00,0.00,0.03,0.00,-0.03,0.70238,0.00318,-0.71179,0.00285,0,0,21110381,254
1.00,-0.00,-0.00,0.06,0.03,0.00,0.70238,0.00317,-0.71179,0.00286,0,0,21127557,252
1.00,-0.00,-0.00,-0.06,0.09,0.00,0.70236,0.00316,-0.71181,0.00285,0,0,21157609,251
1.00,-0.00,-0.00,-0.06,0.06,0.00,0.70236,0.00317,-0.71181,0.00285,0,0,21170556,252
1.00,-0.01,-0.00,-0.06,0.06,0.03,0.70234,0.00316,-0.71183,0.00286,0,0,21187699,252
1.00,-0.00,0.00,-0.06,-0.06,0.06,0.70234,0.00315,-0.71183,0.00286,0,0,21204909,252
1.00,-0.00,-0.00,-0.06,0.03,0.00,0.70235,0.00314,-0.71182,0.00286,0,0,21217823,251
1.00,-0.00,-0.00,-0.12,0.09,0.09,0.70237,0.00313,-0.71180,0.00287,0,0,21234994,250
1.00,-0.01,-0.00,-0.09,0.00,0.06,0.70237,0.00312,-0.71180,0.00287,0,0,21247896,251
1.00,-0.00,0.00,-0.06,0.00,0.06,0.70235,0.00311,-0.71182,0.00287,0,0,21265068,254
1.00,-0.00,-0.00,-0.06,0.06,-0.03,0.70238,0.00311,-0.71179,0.00286,0,0,21282311,247
1.00,-0.00,-0.00,-0.03,0.00,0.18,0.70239,0.00311,-0.71178,0.00286,0,0,21299533,253
1.00,-0.00,-0.00,-0.12,-0.12,0.06,0.70238,0.00310,-0.71179,0.00286,0,0,21312406,249
1.00,-0.00,0.00,0.00,0.03,-0.03,0.70240,0.00311,-0.71177,0.00285,0,0,21329644,254
1.00,-0.00,-0.01,-0.03,0.03,0.03,0.70237,0.00311,-0.71180,0.00286,0,0,21342505,253
1.00,-0.00,0.00,-0.03,0.03,0.00,0.70237,0.00312,-0.71179,0.00284,0,0,21359655,254
1.00,-0.00,-0.00,-0.03,0.06,-0.03,0.70239,0.00315,-0.71178,0.00281,0,0,21376859,249
1.00,-0.00,-0.00,0.00,0.03,0.03,0.70239,0.00316,-0.71178,0.00280,0,0,21389812,251
1.00,-0.00,-0.00,-0.03,0.06,0.06,0.70238,0.00314,-0.71179,0.00281,0,0,21406943,252
1.00,-0.01,-0.00,-0.12,0.03,0.06,0.70238,0.00313,-0.71179,0.00282,0,0,21424116,253
1.00,-0.00,-0.01,-0.03,0.03,0.03,0.70238,0.00312,-0.71179,0.00282,0,0,21436991,250
1.00,-0.00,0.00,0.00,0.03,0.06,0.70240,0.00310,-0.71177,0.00283,0,0,21454208,255
1.00,-0.00,-0.00,-0.06,-0.03,0.03,0.70238,0.00308,-0.71179,0.00285,0,0,21467026,248
1.00,-0.00,-0.00,-0.03,0.09,0.06,0.70238,0.00310,-0.71179,0.00284,0,0,21484323,249
1.00,-0.00,-0.00,-0.09,0.00,0.09,0.70238,0.00308,-0.71179,0.00284,0,0,21501521,253
1.00,-0.00,-0.00,-0.06,0.06,0.06,0.70237,0.00307,-0.71180,0.00285,0,0,21514403,251
1.00,-0.00,-0.00,-0.03,-0.03,0.06,0.70237,0.00306,-0.71180,0.00285,0,0,21531658,249
1.00,-0.00,-0.01,-0.06,0.06,0.00,0.70236,0.00306,-0.71181,0.00284,0,0,21548892,251
1.00,-0.01,-0.00,-0.03,0.12,0.03,0.70235,0.00305,-0.71182,0.00286,0,0,21561789,250
1.00,-0.00,0.00,0.03,0.00,0.00,0.70235,0.00304,-0.71182,0.00288,0,0,21578953,254
1.00,-0.00,0.00,-0.03,0.06,0.06,0.70236,0.00303,-0.71181,0.00287,0,0,21596076,254
1.00,-0.00,-0.00,0.03,0.15,0.03,0.70236,0.00302,-0.71180,0.00289,0,0,21608994,250
1.00,-0.00,-0.00,-0.03,0.03,-0.03,0.70239,0.00302,-0.71178,0.00288,0,0,21626194,248
1.00,-0.01,0.00,-0.06,0.06,0.03,0.70242,0.00302,-0.71175,0.00288,0,0,21639066,253
1.00,-0.00,-0.00,0.03,0.03,0.00,0.70241,0.00301,-0.71176,0.00288,0,0,21656241,250
1.00,-0.00,-0.00,-0.06,0.09,0.03,0.70241,0.00300,-0.71176,0.00288,0,0,21673404,251
1.00,0.00,-0.00,0.03,0.12,0.03,0.70242,0.00301,-0.71175,0.00287,0,0,21686311,252
1.00,-0.00,-0.00,0.00,-0.03,0.03,0.70242,0.00302,-0.71175,0.00286,0,0,21707698,252
1.00,-0.00,0.00,-0.03,0.03,-0.03,0.70244,0.00302,-0.71173,0.00286,0,0,21720589,251
1.00,-0.00,-0.00,0.00,0.03,0.03,0.70243,0.00302,-0.71174,0.00285,0,0,21737862,252
1.00,-0.00,0.00,0.00,0.03,0.00,0.70244,0.00302,-0.71173,0.00286,0,0,21750712,256
1.00,-0.00,-0.00,-0.03,0.09,0.03,0.70246,0.00301,-0.71171,0.00286,0,0,21763604,251
1.00,-0.00,-0.00,-0.06,0.06,0.15,0.70247,0.00302,-0.71170,0.00285,0,0,21780788,249
1.00,-0.00,-0.00,-0.03,0.06,-0.03,0.70249,0.00303,-0.71168,0.00283,0,0,21797937,249
1.00,-0.00,0.00,0.00,0.00,0.03,0.70250,0.00304,-0.71167,0.00282,0,0,21810903,255
1.01,-0.00,-0.00,0.00,0.06,-0.03,0.70252,0.00304,-0.71165,0.00283,0,0,21828058,252
1.00,-0.00,0.00,-0.09,0.06,0.12,0.70253,0.00304,-0.71164,0.00282,0,0,21845298,252
1.00,-0.00,-0.00,-0.09,0.06,0.00,0.70253,0.00304,-0.71164,0.00282,0,0,21858107,253
1.00,-0.00,-0.00,0.00,-0.03,0.06,0.70251,0.00306,-0.71166,0.00280,0,0,21875317,249
1.00,-0.00,-0.00,-0.03,0.03,0.06,0.70249,0.00307,-0.71168,0.00279,0,0,21892466,253
1.00,-0.01,-0.00,-0.03,0.06,0.03,0.70248,0.00306,-0.71169,0.00280,0,0,21905331,252
1.00,-0.01,-0.00,-0.03,0.06,-0.03,0.70248,0.00304,-0.71169,0.00281,0,0,21922557,250
1.00,-0.00,-0.00,0.03,0.06,0.00,0.70250,0.00305,-0.71167,0.00281,0,0,21939713,253
1.00,-0.01,-0.00,-0.03,0.06,0.09,0.70249,0.00303,-0.71168,0.00282,0,0,21952604,251
1.00,-0.01,-0.00,-0.09,0.03,0.03,0.70251,0.00301,-0.71167,0.00283,0,0,21969723,253
1.00,-0.01,-0.00,-0.03,0.03,-0.03,0.70251,0.00299,-0.71167,0.00285,0,0,21986880,249
1.00,-0.00,-0.01,-0.03,0.12,0.06,0.70249,0.00298,-0.71168,0.00286,0,0,21999767,252
1.00,-0.00,-0.00,0.00,0.18,0.00,0.70249,0.00296,-0.71168,0.00288,0,0,22016943,252
1.00,-0.00,-0.00,-0.06,0.00,0.06,0.70249,0.00295,-0.71168,0.00288,0,0,22034269,250
1.00,-0.00,-0.00,-0.03,0.09,0.03,0.70250,0.00295,-0.71168,0.00287,0,0,22047081,252
1.00,-0.00,-0.00,-0.12,0.06,-0.03,0.70250,0.00296,-0.71168,0.00286,0,0,22064325,248
1.00,-0.00,0.00,-0.06,0.00,0.06,0.70251,0.00295,-0.71166,0.00286,0,0,22077280,252
1.00,-0.00,-0.00,-0.06,0.06,0.03,0.70252,0.00295,-0.71165,0.00285,0,0,22094465,252
1.00,-0.00,-0.00,-0.06,0.12,-0.06,0.70251,0.00294,-0.71166,0.00285,0,0,22111616,249
1.00,-0.00,-0.00,0.00,0.03,0.12,0.70249,0.00294,-0.71168,0.00285,0,0,22124502,253
1.00,-0.00,0.00,0.00,0.09,-0.06,0.70251,0.00294,-0.71167,0.00285,0,0,22141668,254
1.00,-0.00,-0.00,-0.06,0.03,0.12,0.70251,0.00293,-0.71166,0.00286,0,0,22154533,253
1.00,-0.00,-0.00,0.00,0.09,0.03,0.70252,0.00293,-0.71165,0.00285,0,0,22171687,252
1.00,-0.00,-0.00,-0.03,-0.06,0.03,0.70250,0.00294,-0.71167,0.00285,0,0,22188941,248
1.00,-0.00,-0.00,-0.03,0.00,-0.03,0.70250,0.00291,-0.71167,0.00287,0,0,22206264,248
1.00,-0.00,-0.00,0.00,0.06,0.09,0.70251,0.00292,-0.71166,0.00285,0,0,22219169,251
1.00,-0.00,-0.00,-0.15,0.06,0.03,0.70253,0.00291,-0.71165,0.00285,0,0,22236335,251
1.00,-0.00,-0.01,0.03,0.06,-0.03,0.70251,0.00291,-0.71166,0.00285,0,0,22249250,250
1.00,-0.00,0.00,0.03,0.03,-0.03,0.70253,0.00293,-0.71164,0.00284,0,0,22266377,254
1.00,-0.00,-0.00,-0.03,0.03,0.09,0.70255,0.00292,-0.71162,0.00283,0,0,22283589,251
1.00,-0.00,-0.00,-0.03,0.06,0.03,0.70254,0.00292,-0.71164,0.00284,0,0,22296472,253
1.00,-0.00,0.00,-0.06,0.09,0.03,0.70256,0.00291,-0.71161,0.00284,0,0,22313652,254
1.00,-0.01,-0.01,0.03,0.09,0.00,0.70254,0.00290,-0.71163,0.00285,0,0,22330771,252
1.00,-0.00,-0.00,0.00,-0.03,0.06,0.70254,0.00289,-0.71163,0.00286,0,0,22343670,251
1.00,-0.00,-0.00,0.00,0.18,0.03,0.70254,0.00289,-0.71163,0.00286,0,0,22360853,251
1.00,-0.00,-0.00,-0.06,-0.03,0.06,0.70255,0.00289,-0.71163,0.00286,0,0,22377994,248
1.00,0.00,0.00,0.06,0.03,0.03,0.70256,0.00290,-0.71162,0.00284,0,0,22390955,254
1.00,-0.00,0.00,0.03,0.03,0.03,0.70256,0.00292,-0.71161,0.00283,0,0,22408074,254
1.00,-0.00,-0.00,-0.03,0.03,0.00,0.70259,0.00292,-0.71159,0.00282,0,0,22425237,250
1.00,-0.00,-0.01,-0.06,0.03,0.03,0.70259,0.00293,-0.71158,0.00281,0,0,22438062,250
1.00,-0.00,0.00,0.00,-0.03,0.00,0.70260,0.00293,-0.71158,0.00280,0,0,22455325,252
1.00,-0.01,-0.00,-0.06,-0.06,-0.03,0.70260,0.00292,-0.71157,0.00281,0,0,22468264,248
1.00,-0.00,-0.00,-0.06,0.00,-0.03,0.70261,0.00291,-0.71156,0.00282,0,0,22485470,251
1.00,-0.00,-0.00,0.00,0.00,0.03,0.70260,0.00290,-0.71158,0.00282,0,0,22498377,252
1.00,-0.00,-0.00,-0.06,0.09,0.09,0.70257,0.00290,-0.71160,0.00281,0,0,22515563,252
1.00,-0.00,-0.01,0.00,0.18,0.12,0.70258,0.00290,-0.71160,0.00282,0,0,22532689,252
1.00,-0.00,-0.00,0.00,0.09,0.03,0.70259,0.00290,-0.71159,0.00281,0,0,22545595,252
1.00,-0.00,-0.00,0.00,0.06,0.09,0.70258,0.00291,-0.71159,0.00280,0,0,22562799,251
1.00,-0.00,0.00,-0.09,0.00,-0.03,0.70258,0.00292,-0.71159,0.00278,0,0,22580024,250
1.00,-0.00,0.00,0.00,0.03,0.03,0.70260,0.00293,-0.71158,0.00277,0,0,22592901,255
1.00,-0.00,-0.00,-0.09,0.09,-0.03,0.70259,0.00293,-0.71158,0.00277,0,0,22610061,249
1.00,-0.00,-0.00,-0.03,0.06,0.03,0.70259,0.00291,-0.71158,0.00278,0,0,22627286,250
1.00,-0.00,-0.00,-0.09,0.03,-0.03,0.70258,0.00291,-0.71159,0.00277,0,0,22640110,250
1.00,-0.00,0.00,0.03,0.12,0.06,0.70259,0.00289,-0.71158,0.00279,0,0,22657355,254
1.00,-0.00,-0.00,-0.03,0.12,0.00,0.70260,0.00290,-0.71158,0.00278,0,0,22670263,250
1.00,-0.00,-0.00,-0.03,0.06,0.00,0.70259,0.00290,-0.71159,0.00278,0,0,22687374,252
1.00,-0.01,-0.00,-0.06,0.09,-0.03,0.70258,0.00287,-0.71159,0.00281,0,0,22704596,249
1.00,0.00,-0.00,-0.03,-0.06,0.06,0.70260,0.00290,-0.71157,0.00278,0,0,22734726,252
1.00,-0.00,-0.00,0.03,0.03,-0.03,0.70259,0.00289,-0.71158,0.00278,0,0,22751905,251
1.00,-0.00,0.00,0.00,0.00,0.00,0.70262,0.00290,-0.71156,0.00277,0,0,22764778,253
1.00,-0.00,0.00,0.00,0.09,-0.09,0.70264,0.00289,-0.71153,0.00278,0,0,22782019,253
1.00,-0.00,0.00,-0.03,0.03,0.03,0.70266,0.00289,-0.71152,0.00278,0,0,22799277,252
1.00,-0.00,-0.00,-0.03,0.12,0.09,0.70264,0.00288,-0.71153,0.00278,0,0,22829345,249
1.00,-0.00,-0.00,-0.06,-0.06,-0.03,0.70264,0.00287,-0.71153,0.00279,0,0,22842233,248
1.00,-0.00,0.00,-0.06,-0.03,0.03,0.70267,0.00286,-0.71151,0.00279,0,0,22859382,252
1.00,-0.01,-0.00,-0.03,0.09,0.03,0.70265,0.00286,-0.71153,0.00279,0,0,22876612,251
1.00,-0.00,0.00,-0.06,0.12,-0.03,0.70268,0.00285,-0.71150,0.00280,0,0,22893731,252
1.00,-0.00,-0.00,-0.03,0.00,0.09,0.70269,0.00285,-0.71148,0.00279,0,0,22906673,251
1.00,-0.00,-0.00,0.00,0.03,-0.03,0.70268,0.00285,-0.71149,0.00279,0,0,22923846,252
1.00,-0.00,-0.00,0.00,0.03,0.03,0.70268,0.00286,-0.71149,0.00279,0,0,22936691,252
1.00,-0.00,-0.00,-0.03,0.03,0.03,0.70268,0.00283,-0.71149,0.00281,0,0,22953888,252
1.00,-0.01,-0.00,-0.06,-0.03,0.00,0.70271,0.00281,-0.71147,0.00282,0,0,22970989,249
1.00,-0.00,0.00,-0.03,0.03,0.06,0.70272,0.00281,-0.71146,0.00282,0,0,22983939,252
1.00,-0.00,-0.00,-0.03,0.00,-0.03,0.70271,0.00281,-0.71146,0.00283,0,0,23001071,250
1.00,-0.00,-0.00,-0.06,0.03,0.00,0.70272,0.00282,-0.71146,0.00281,0,0,23013927,252
1.00,-0.00,-0.00,0.03,0.18,0.06,0.70272,0.00281,-0.71145,0.00283,0,0,23031076,252
1.00,-0.00,0.00,-0.09,0.03,0.06,0.70274,0.00282,-0.71143,0.00281,0,0,23048287,252
1.00,-0.00,-0.00,-0.09,-0.03,0.00,0.70274,0.00282,-0.71143,0.00280,0,0,23061079,251
1.00,-0.00,-0.00,0.00,0.18,0.06,0.70273,0.00284,-0.71144,0.00278,0,0,23078330,252
1.00,-0.00,-0.00,-0.06,0.06,0.03,0.70272,0.00284,-0.71146,0.00278,0,0,23091238,250
1.00,-0.00,-0.00,-0.12,0.06,0.06,0.70273,0.00285,-0.71145,0.00276,0,0,23112652,251
1.01,-0.01,-0.00,-0.03,0.06,0.06,0.70271,0.00284,-0.71146,0.00277,0,0,23125577,251
1.00,-0.00,0.00,0.09,0.09,0.03,0.70271,0.00284,-0.71146,0.00277,0,0,23142770,254
1.00,-0.00,-0.01,-0.03,-0.06,0.06,0.70270,0.00284,-0.71148,0.00277,0,0,23155655,249
1.00,-0.00,-0.01,-0.09,0.06,0.06,0.70267,0.00283,-0.71151,0.00277,0,0,23172908,252
1.00,-0.00,-0.00,-0.03,0.03,0.06,0.70266,0.00282,-0.71152,0.00278,0,0,23185802,251
1.00,-0.00,0.00,0.03,0.09,0.06,0.70267,0.00282,-0.71150,0.00276,0,0,23207334,254
1.00,-0.00,-0.00,0.00,0.06,0.09,0.70266,0.00283,-0.71151,0.00275,0,0,23220247,250
1.00,-0.00,0.00,-0.06,0.06,0.06,0.70269,0.00282,-0.71149,0.00275,0,0,23237383,254
1.00,-0.00,-0.00,-0.03,0.00,0.00,0.70271,0.00282,-0.71146,0.00275,0,0,23250238,250
1.00,-0.00,-0.00,-0.03,0.15,0.12,0.70272,0.00282,-0.71145,0.00275,0,0,23267379,251
1.00,-0.00,-0.00,0.00,0.03,0.09,0.70272,0.00282,-0.71145,0.00275,0,0,23280276,250
1.00,-0.00,-0.01,-0.03,0.09,-0.03,0.70271,0.00280,-0.71147,0.00277,0,0,23297429,249
1.00,-0.00,-0.00,0.00,0.15,0.03,0.70269,0.00279,-0.71148,0.00277,0,0,23314615,252
1.00,-0.00,-0.00,-0.06,0.12,0.03,0.70269,0.00280,-0.71148,0.00277,0,0,23327502,253
1.00,-0.00,-0.00,-0.03,0.00,0.03,0.70269,0.00281,-0.71148,0.00274,0,0,23344675,251
1.00,-0.00,-0.00,0.00,0.09,-0.03,0.70270,0.00282,-0.71147,0.00274,0,0,23361848,251
1.00,-0.00,-0.00,0.06,0.03,0.00,0.70271,0.00282,-0.71147,0.00274,0,0,23374701,253
1.00,-0.00,-0.00,-0.03,0.09,-0.06,0.70272,0.00282,-0.71146,0.00274,0,0,23391908,250
1.00,-0.00,-0.00,-0.03,0.00,-0.03,0.70272,0.00283,-0.71146,0.00272,0,0,23404817,249
1.00,-0.00,-0.00,-0.03,0.00,0.03,0.70269,0.00283,-0.71149,0.00272,0,0,23421985,251
1.00,-0.00,-0.00,-0.06,0.03,0.09,0.70268,0.00282,-0.71150,0.00273,0,0,23439216,250
1.00,-0.00,0.00,0.00,0.06,0.12,0.70270,0.00281,-0.71147,0.00274,0,0,23452059,253
1.00,-0.01,-0.00,-0.09,0.00,-0.06,0.70271,0.00282,-0.71146,0.00272,0,0,23469244,248
1.00,-0.00,0.00,0.00,0.03,0.00,0.70272,0.00281,-0.71146,0.00272,0,0,23486488,255
1.00,-0.00,0.00,0.03,0.06,-0.03,0.70274,0.00281,-0.71144,0.00272,0,0,23499382,254
1.00,-0.00,-0.00,-0.03,-0.09,0.00,0.70273,0.00280,-0.71145,0.00273,0,0,23516529,251
1.00,-0.00,-0.00,-0.03,-0.03,0.03,0.70271,0.00279,-0.71146,0.00274,0,0,23533769,250
1.00,-0.00,-0.00,-0.03,0.15,0.06,0.70273,0.00277,-0.71145,0.00275,0,0,23546672,251
1.00,-0.00,-0.00,-0.06,0.15,-0.06,0.70274,0.00278,-0.71143,0.00274,0,0,23563902,249
1.00,-0.00,0.00,-0.12,-0.03,0.03,0.70277,0.00277,-0.71141,0.00273,0,0,23576808,250
1.00,-0.01,0.00,-0.09,-0.03,0.00,0.70277,0.00275,-0.71141,0.00274,0,0,23594062,251
1.00,-0.00,-0.00,-0.03,0.06,0.06,0.70277,0.00275,-0.71141,0.00274,0,0,23611325,251
1.00,-0.00,-0.00,-0.03,0.09,0.00,0.70276,0.00277,-0.71142,0.00272,0,0,23628479,253
1.00,-0.01,-0.00,-0.03,0.00,0.06,0.70275,0.00274,-0.71142,0.00274,0,0,23641381,252
1.00,0.00,-0.01,0.00,0.00,0.06,0.70272,0.00275,-0.71145,0.00274,0,0,23658598,254
1.00,-0.00,-0.00,-0.03,0.06,0.00,0.70273,0.00275,-0.71145,0.00273,0,0,23675767,252
1.00,-0.00,0.00,0.00,0.03,0.03,0.70274,0.00275,-0.71144,0.00273,0,0,23688642,254
1.00,-0.00,0.00,0.00,0.03,0.00,0.70276,0.00274,-0.71142,0.00274,0,0,23705773,253
1.00,-0.00,-0.00,0.00,0.06,0.03,0.70275,0.00274,-0.71143,0.00274,0,0,23718686,252
1.00,-0.00,-0.00,0.00,0.03,0.03,0.70276,0.00273,-0.71142,0.00274,0,0,23735887,252
1.00,-0.00,-0.00,0.03,0.06,0.00,0.70276,0.00273,-0.71142,0.00273,0,0,23748781,251
1.00,-0.01,-0.00,-0.03,0.06,-0.03,0.70274,0.00273,-0.71144,0.00274,0,0,23765962,249
1.00,-0.00,-0.00,-0.06,0.03,-0.03,0.70272,0.00272,-0.71145,0.00274,0,0,23783198,249
1.00,-0.00,-0.00,-0.06,0.03,0.06,0.70273,0.00273,-0.71145,0.00274,0,0,23796038,251
1.00,0.00,0.00,-0.03,0.09,-0.03,0.70273,0.00273,-0.71144,0.00272,0,0,23813200,252
1.00,-0.00,0.00,-0.03,-0.06,0.06,0.70272,0.00274,-0.71145,0.00272,0,0,23830378,251
1.00,-0.00,-0.00,-0.03,0.00,0.03,0.70272,0.00273,-0.71146,0.00272,0,0,23843334,249
1.00,-0.00,-0.00,0.00,-0.03,0.06,0.70273,0.00272,-0.71145,0.00272,0,0,23860546,251
1.00,-0.00,-0.00,-0.03,0.12,-0.09,0.70272,0.00272,-0.71146,0.00272,0,0,23877671,250
1.00,-0.00,-0.00,-0.03,0.03,0.00,0.70273,0.00272,-0.71145,0.00272,0,0,23890615,252
1.00,-0.00,-0.00,-0.03,-0.03,0.09,0.70272,0.00270,-0.71145,0.00273,0,0,23907770,250
1.00,-0.00,-0.00,0.03,-0.09,0.06,0.70271,0.00271,-0.71147,0.00273,0,0,23920698,252
1.00,-0.00,0.00,0.03,0.00,0.03,0.70270,0.00269,-0.71148,0.00274,0,0,23937907,254
1.00,-0.00,-0.00,-0.03,0.09,0.00,0.70271,0.00269,-0.71147,0.00275,0,0,23955061,250
1.00,-0.00,-0.00,-0.03,0.06,0.06,0.70269,0.00270,-0.71148,0.00274,0,0,23967901,253
1.00,-0.00,-0.00,-0.06,0.03,0.03,0.70270,0.00271,-0.71148,0.00272,0,0,23985090,252
1.00,-0.00,-0.00,-0.06,-0.09,0.03,0.70269,0.00271,-0.71149,0.00271,0,0,23997946,250
1.00,-0.00,-0.00,-0.06,0.09,0.00,0.70269,0.00273,-0.71149,0.00270,0,0,24015216,251
1.00,-0.00,-0.00,-0.06,0.00,0.03,0.70269,0.00273,-0.71148,0.00268,0,0,24032377,252
1.00,-0.00,-0.00,-0.06,0.03,0.00,0.70270,0.00274,-0.71148,0.00267,0,0,24045273,250
1.00,-0.00,-0.00,0.00,0.06,-0.03,0.70270,0.00273,-0.71148,0.00269,0,0,24062425,251
