1.00,0.01,0.00,0.03,-0.49,0.06,0.70421,-0.07559,-0.70163,-0.07803,0,0,144170160,256
0.99,0.01,0.01,0.09,-0.52,-0.09,0.70424,-0.07560,-0.70159,-0.07804,0,0,144187211,253
1.00,0.01,-0.01,0.27,-0.21,0.09,0.70424,-0.07562,-0.70159,-0.07803,0,0,144204331,254
0.99,0.01,-0.00,0.09,-0.37,0.06,0.70426,-0.07563,-0.70158,-0.07802,0,0,144212872,254
1.00,0.01,-0.01,0.09,-0.55,-0.06,0.70428,-0.07563,-0.70155,-0.07804,0,0,144234212,253
0.99,0.02,0.00,0.03,-0.49,-0.09,0.70426,-0.07563,-0.70158,-0.07805,0,0,144247009,253
1.00,0.01,-0.00,0.09,-0.61,0.09,0.70429,-0.07564,-0.70155,-0.07804,0,0,144255608,256
1.01,0.02,-0.00,0.24,-0.55,-0.21,0.70428,-0.07562,-0.70155,-0.07806,0,0,144264089,254
1.00,0.00,0.00,0.12,-0.40,-0.27,0.70431,-0.07563,-0.70152,-0.07805,0,0,144281096,254
1.00,0.01,-0.00,0.03,-0.55,0.00,0.70434,-0.07566,-0.70149,-0.07804,0,0,144293920,256
1.00,0.01,0.00,0.27,-0.37,0.00,0.70431,-0.07567,-0.70152,-0.07803,0,0,144311044,255
1.00,0.01,-0.00,0.03,-0.46,0.21,0.70428,-0.07568,-0.70155,-0.07802,0,0,144319599,255
1.00,0.00,-0.00,0.18,-0.43,0.09,0.70428,-0.07572,-0.70155,-0.07799,0,0,144332415,256
1.00,0.00,-0.01,0.18,-0.46,0.09,0.70425,-0.07575,-0.70158,-0.07796,0,0,144345281,254
1.00,0.01,-0.00,0.03,-0.27,0.09,0.70426,-0.07575,-0.70157,-0.07798,0,0,144358091,256
1.00,0.01,-0.00,0.21,-0.49,0.06,0.70425,-0.07574,-0.70158,-0.07800,0,0,144366609,256
0.99,0.01,-0.01,0.12,-0.34,0.09,0.70425,-0.07574,-0.70158,-0.07800,0,0,144379362,255
0.99,0.01,-0.00,0.06,-0.43,0.03,0.70425,-0.07574,-0.70158,-0.07801,0,0,144387867,255
1.00,0.01,-0.01,0.24,-0.31,0.03,0.70424,-0.07575,-0.70159,-0.07799,0,0,144396366,255
1.00,0.02,-0.00,0.06,-0.43,-0.09,0.70423,-0.07575,-0.70159,-0.07800,0,0,144404867,253
1.00,0.01,-0.00,0.24,-0.58,0.06,0.70421,-0.07574,-0.70162,-0.07802,0,0,144421981,255
1.00,0.00,-0.00,0.06,-0.67,0.00,0.70423,-0.07575,-0.70160,-0.07800,0,0,144434754,256
1.00,0.01,0.00,0.06,-0.49,0.06,0.70419,-0.07575,-0.70163,-0.07802,0,0,144451849,256
1.00,0.01,0.00,0.21,-0.76,0.12,0.70421,-0.07575,-0.70162,-0.07802,0,0,144456052,256
1.00,0.01,-0.01,-0.06,-0.46,0.09,0.70418,-0.07579,-0.70164,-0.07800,0,0,144468880,253
1.00,0.00,-0.00,-0.03,-0.52,-0.09,0.70417,-0.07580,-0.70166,-0.07799,0,0,144481701,255
1.00,0.01,-0.00,0.12,-0.55,0.03,0.70417,-0.07582,-0.70165,-0.07798,0,0,144490276,254
1.00,0.01,0.00,-0.03,-0.55,0.00,0.70419,-0.07581,-0.70163,-0.07800,0,0,144498711,254
1.00,0.00,-0.01,0.12,-0.40,0.03,0.70420,-0.07583,-0.70162,-0.07799,0,0,144515821,254
1.00,0.01,-0.01,-0.03,-0.43,-0.21,0.70421,-0.07585,-0.70160,-0.07799,0,0,144528575,253
1.00,0.01,-0.00,0.12,-0.61,-0.06,0.70420,-0.07584,-0.70161,-0.07800,0,0,144545644,253
1.00,0.01,-0.00,0.21,-0.49,0.00,0.70421,-0.07582,-0.70161,-0.07801,0,0,144549926,255
1.00,0.01,-0.01,0.12,-0.49,0.03,0.70422,-0.07581,-0.70160,-0.07803,0,0,144566991,255
1.00,0.01,0.00,0.12,-0.55,-0.21,0.70423,-0.07582,-0.70159,-0.07802,0,0,144575517,254
1.00,0.01,-0.00,0.09,-0.31,-0.15,0.70423,-0.07583,-0.70159,-0.07802,0,0,144584051,253
1.00,0.00,-0.01,0.21,-0.40,-0.18,0.70418,-0.07584,-0.70164,-0.07801,0,0,144592644,253
0.99,0.01,0.00,0.03,-0.34,0.00,0.70420,-0.07581,-0.70162,-0.07803,0,0,144609718,257
1.00,0.01,0.00,0.21,-0.31,-0.06,0.70422,-0.07582,-0.70159,-0.07803,0,0,144622520,254
1.00,0.01,-0.01,0.12,-0.61,0.12,0.70417,-0.07583,-0.70164,-0.07801,0,0,144639604,255
0.99,0.01,-0.00,0.15,-0.58,0.03,0.70417,-0.07583,-0.70164,-0.07802,0,0,144648114,257
1.00,0.01,0.00,0.18,-0.55,-0.03,0.70420,-0.07584,-0.70162,-0.07801,0,0,144656579,254
1.01,0.01,-0.00,0.12,-0.31,0.09,0.70420,-0.07582,-0.70162,-0.07803,0,0,144669392,256
1.00,0.01,-0.01,0.00,-0.31,0.06,0.70413,-0.07583,-0.70169,-0.07805,0,0,144686447,256
1.00,0.00,-0.00,0.12,-0.46,0.09,0.70414,-0.07584,-0.70167,-0.07804,0,0,144703419,256
1.00,0.01,-0.01,0.09,-0.67,0.12,0.70411,-0.07583,-0.70170,-0.07805,0,0,144711950,255
1.00,0.01,0.00,-0.12,-0.21,-0.09,0.70412,-0.07587,-0.70169,-0.07803,0,0,144733269,252
1.00,0.00,-0.00,0.09,-0.24,-0.12,0.70411,-0.07591,-0.70170,-0.07799,0,0,144750328,253
1.00,0.01,-0.00,0.06,-0.27,-0.12,0.70411,-0.07589,-0.70170,-0.07801,0,0,144763137,255
1.00,0.01,-0.01,0.21,-0.37,0.09,0.70415,-0.07589,-0.70166,-0.07802,0,0,144780103,257
1.00,0.01,-0.01,0.21,-0.52,0.09,0.70413,-0.07591,-0.70168,-0.07799,0,0,144788651,255
1.00,0.00,0.00,0.15,-0.43,0.06,0.70416,-0.07593,-0.70165,-0.07798,0,0,144797221,256
1.00,0.00,-0.00,0.12,-0.40,-0.18,0.70415,-0.07596,-0.70165,-0.07795,0,0,144814241,251
1.00,0.01,-0.01,0.24,-0.43,0.03,0.70413,-0.07598,-0.70168,-0.07794,0,0,144827053,255
1.00,0.01,-0.00,0.06,-0.64,0.18,0.70417,-0.07598,-0.70164,-0.07793,0,0,144844101,256
1.00,0.01,-0.00,0.00,-0.40,0.24,0.70419,-0.07601,-0.70162,-0.07792,0,0,144861198,256
1.00,0.00,-0.00,0.12,-0.46,-0.24,0.70419,-0.07603,-0.70161,-0.07791,0,0,144865437,254
1.00,0.01,-0.00,0.09,-0.52,0.06,0.70420,-0.07602,-0.70161,-0.07792,0,0,144878313,254
1.00,0.01,-0.00,0.00,-0.58,0.03,0.70419,-0.07603,-0.70161,-0.07792,0,0,144891100,257
1.00,0.01,-0.00,0.18,-0.52,0.03,0.70418,-0.07601,-0.70163,-0.07794,0,0,144908165,255
1.00,0.01,-0.00,-0.09,-0.58,0.03,0.70421,-0.07600,-0.70159,-0.07796,0,0,144920934,251
1.00,0.01,-0.00,0.12,-0.46,0.00,0.70419,-0.07602,-0.70162,-0.07795,0,0,144937975,255
1.00,0.01,-0.00,-0.06,-0.49,0.15,0.70419,-0.07602,-0.70162,-0.07795,0,0,144942259,252
1.00,0.01,-0.01,0.18,-0.24,-0.12,0.70416,-0.07603,-0.70164,-0.07796,0,0,144955036,252
1.00,0.01,-0.00,0.03,-0.34,-0.03,0.70417,-0.07601,-0.70163,-0.07798,0,0,144967869,253
1.00,0.00,-0.00,0.24,-0.49,0.12,0.70421,-0.07603,-0.70159,-0.07795,0,0,144984897,256
1.00,0.01,-0.00,0.15,-0.64,-0.06,0.70417,-0.07601,-0.70163,-0.07798,0,0,145001983,253
0.99,0.00,-0.01,0.34,-0.67,0.09,0.70416,-0.07602,-0.70164,-0.07796,0,0,145006318,254
1.00,0.01,-0.01,0.06,-0.49,0.09,0.70414,-0.07602,-0.70167,-0.07796,0,0,145019107,257
1.00,0.00,-0.01,-0.09,-0.40,-0.03,0.70412,-0.07604,-0.70168,-0.07795,0,0,145031859,253
1.00,0.01,0.00,0.15,-0.46,-0.03,0.70412,-0.07601,-0.70168,-0.07799,0,0,145044708,254
1.00,0.01,-0.00,0.15,-0.40,0.06,0.70411,-0.07602,-0.70168,-0.07800,0,0,145061843,255
1.00,0.01,-0.00,0.00,-0.40,-0.12,0.70412,-0.07606,-0.70168,-0.07798,0,0,145078833,252
1.00,0.00,0.00,0.12,-0.52,-0.03,0.70413,-0.07607,-0.70167,-0.07797,0,0,145083097,254
1.00,0.01,-0.00,-0.09,-0.43,-0.18,0.70411,-0.07605,-0.70168,-0.07800,0,0,145095882,253
1.00,0.01,-0.00,0.06,-0.40,-0.24,0.70411,-0.07606,-0.70168,-0.07800,0,0,145108709,254
1.00,0.01,-0.00,0.00,-0.58,-0.27,0.70407,-0.07603,-0.70172,-0.07803,0,0,145121588,254
0.99,0.01,-0.01,0.18,-0.49,0.03,0.70404,-0.07599,-0.70175,-0.07807,0,0,145138643,256
1.00,0.01,-0.01,0.21,-0.67,0.18,0.70403,-0.07599,-0.70177,-0.07806,0,0,145147218,256
0.99,0.01,0.00,0.27,-0.52,0.03,0.70409,-0.07602,-0.70171,-0.07803,0,0,145172647,256
1.00,0.00,-0.00,0.21,-0.46,-0.03,0.70407,-0.07603,-0.70173,-0.07803,0,0,145189684,254
0.99,0.01,-0.00,0.18,-0.70,-0.03,0.70406,-0.07606,-0.70173,-0.07800,0,0,145202486,254
1.00,0.00,-0.00,0.18,-0.27,0.09,0.70411,-0.07611,-0.70168,-0.07796,0,0,145219556,256
1.00,0.01,-0.01,0.12,-0.46,-0.12,0.70410,-0.07613,-0.70169,-0.07795,0,0,145232329,253
1.00,0.01,-0.00,0.09,-0.34,0.03,0.70410,-0.07612,-0.70169,-0.07796,0,0,145240897,255
0.99,0.01,-0.00,-0.03,-0.55,0.06,0.70411,-0.07614,-0.70168,-0.07795,0,0,145249432,253
1.00,0.01,-0.01,0.03,-0.58,0.09,0.70411,-0.07613,-0.70169,-0.07796,0,0,145262286,254
0.99,0.01,-0.00,0.12,-0.52,0.03,0.70412,-0.07615,-0.70167,-0.07794,0,0,145279272,254
1.00,0.01,-0.00,0.09,-0.40,-0.06,0.70411,-0.07616,-0.70168,-0.07794,0,0,145296334,254
0.99,0.01,-0.01,0.03,-0.31,0.06,0.70410,-0.07618,-0.70168,-0.07794,0,0,145304870,254
1.00,0.01,-0.00,0.03,-0.70,0.06,0.70408,-0.07619,-0.70170,-0.07794,0,0,145326223,256
1.00,0.01,-0.00,0.12,-0.49,0.12,0.70411,-0.07621,-0.70167,-0.07793,0,0,145343237,256
1.00,0.01,0.00,0.15,-0.43,-0.18,0.70407,-0.07623,-0.70172,-0.07790,0,0,145360314,252
1.00,0.01,-0.00,0.18,-0.37,0.09,0.70405,-0.07623,-0.70173,-0.07792,0,0,145373210,256
1.00,0.01,-0.00,0.12,-0.49,0.15,0.70402,-0.07618,-0.70177,-0.07797,0,0,145390316,254
1.00,0.01,-0.00,0.03,-0.31,0.18,0.70403,-0.07620,-0.70176,-0.07796,0,0,145394556,256
1.00,0.01,-0.01,0.06,-0.64,0.06,0.70401,-0.07620,-0.70177,-0.07796,0,0,145407363,255
1.00,0.01,-0.01,0.34,-0.52,0.06,0.70400,-0.07620,-0.70178,-0.07796,0,0,145420226,256
1.00,0.01,-0.00,0.00,-0.61,-0.03,0.70400,-0.07620,-0.70178,-0.07796,0,0,145437324,253
1.00,0.01,-0.01,0.21,-0.49,-0.15,0.70398,-0.07618,-0.70180,-0.07799,0,0,145454431,254
1.00,0.01,-0.00,0.09,-0.40,0.06,0.70401,-0.07617,-0.70177,-0.07800,0,0,145467099,257
1.00,0.01,0.00,0.12,-0.61,-0.06,0.70402,-0.07615,-0.70176,-0.07802,0,0,145471366,253
0.99,0.00,-0.00,0.06,-0.55,0.00,0.70402,-0.07616,-0.70176,-0.07802,0,0,145484241,256
1.00,0.01,-0.00,0.03,-0.43,-0.06,0.70399,-0.07617,-0.70179,-0.07801,0,0,145501367,253
1.00,0.01,-0.00,0.09,-0.55,-0.06,0.70399,-0.07618,-0.70179,-0.07802,0,0,145514247,252
0.99,0.01,0.00,-0.03,-0.55,-0.06,0.70401,-0.07620,-0.70176,-0.07802,0,0,145531417,253
0.99,0.01,-0.00,0.24,-0.67,-0.03,0.70405,-0.07619,-0.70173,-0.07803,0,0,145544104,254
1.00,0.01,0.00,0.09,-0.52,-0.09,0.70407,-0.07617,-0.70171,-0.07804,0,0,145561318,252
1.00,0.01,0.00,0.09,-0.49,-0.09,0.70408,-0.07616,-0.70170,-0.07806,0,0,145565599,253
1.01,0.01,0.00,-0.03,-0.46,0.12,0.70409,-0.07617,-0.70168,-0.07806,0,0,145578408,253
0.99,0.01,-0.01,-0.03,-0.61,0.00,0.70407,-0.07616,-0.70171,-0.07808,0,0,145595531,255
1.00,0.00,-0.01,0.06,-0.58,0.09,0.70406,-0.07618,-0.70171,-0.07807,0,0,145608368,256
1.00,0.01,-0.01,0.06,-0.46,0.06,0.70403,-0.07616,-0.70174,-0.07810,0,0,145625394,256
1.00,0.01,0.00,0.15,-0.40,0.06,0.70406,-0.07618,-0.70172,-0.07808,0,0,145642443,256
0.99,0.01,-0.00,0.18,-0.64,0.12,0.70406,-0.07618,-0.70172,-0.07808,0,0,145655164,255
1.00,0.01,0.00,-0.06,-0.49,0.03,0.70410,-0.07618,-0.70167,-0.07810,0,0,145663679,254
1.00,0.01,-0.00,0.00,-0.40,-0.03,0.70411,-0.07616,-0.70166,-0.07813,0,0,145676515,255
0.99,0.01,-0.01,0.12,-0.46,0.06,0.70410,-0.07614,-0.70167,-0.07815,0,0,145685084,256
1.01,0.01,-0.00,0.12,-0.52,-0.12,0.70410,-0.07614,-0.70167,-0.07815,0,0,145702137,255
1.00,0.01,-0.00,0.03,-0.43,-0.18,0.70411,-0.07612,-0.70166,-0.07818,0,0,145719318,251
1.00,0.01,-0.01,0.27,-0.67,-0.09,0.70410,-0.07611,-0.70167,-0.07818,0,0,145732093,254
1.00,0.01,-0.01,0.24,-0.49,-0.15,0.70411,-0.07613,-0.70166,-0.07818,0,0,145749270,252
0.99,0.01,-0.00,0.03,-0.58,0.18,0.70411,-0.07614,-0.70166,-0.07817,0,0,145753533,257
1.00,0.00,0.00,0.21,-0.55,0.06,0.70416,-0.07616,-0.70160,-0.07817,0,0,145766362,256
0.99,0.01,0.00,0.09,-0.70,0.12,0.70421,-0.07614,-0.70156,-0.07817,0,0,145783361,256
1.00,0.01,-0.01,0.18,-0.40,-0.03,0.70418,-0.07615,-0.70159,-0.07817,0,0,145796088,254
1.00,0.01,-0.00,0.18,-0.73,0.09,0.70419,-0.07615,-0.70157,-0.07817,0,0,145808847,255
1.00,0.01,-0.00,0.00,-0.34,-0.09,0.70420,-0.07615,-0.70156,-0.07818,0,0,145825878,253
1.00,0.01,-0.00,0.24,-0.37,0.03,0.70417,-0.07615,-0.70159,-0.07818,0,0,145834483,255
1.01,0.01,-0.01,0.18,-0.55,0.09,0.70415,-0.07615,-0.70161,-0.07819,0,0,145843013,254
1.00,0.01,-0.01,0.06,-0.55,0.31,0.70413,-0.07614,-0.70163,-0.07820,0,0,145860049,254
1.00,0.01,-0.00,-0.03,-0.37,-0.03,0.70412,-0.07614,-0.70164,-0.07822,0,0,145877059,254
1.00,0.01,-0.01,0.09,-0.58,0.06,0.70408,-0.07613,-0.70168,-0.07823,0,0,145894137,257
1.00,0.01,0.00,0.09,-0.27,0.06,0.70408,-0.07616,-0.70168,-0.07821,0,0,145906903,255
0.99,0.01,0.01,0.03,-0.31,-0.03,0.70413,-0.07616,-0.70162,-0.07823,0,0,145919664,254
1.00,0.01,-0.01,0.24,-0.64,-0.12,0.70408,-0.07615,-0.70168,-0.07824,0,0,145936837,252
1.00,0.01,-0.01,-0.03,-0.27,0.03,0.70406,-0.07614,-0.70170,-0.07826,0,0,145945418,253
1.00,0.01,-0.01,-0.09,-0.46,-0.15,0.70404,-0.07615,-0.70172,-0.07826,0,0,145953945,253
0.99,0.01,-0.00,0.09,-0.43,0.03,0.70405,-0.07619,-0.70171,-0.07823,0,0,145971038,254
1.00,0.02,-0.00,-0.06,-0.43,0.12,0.70407,-0.07616,-0.70169,-0.07827,0,0,145983892,253
1.00,0.01,0.00,0.00,-0.58,-0.06,0.70409,-0.07615,-0.70166,-0.07829,0,0,146000981,253
1.00,0.01,-0.00,-0.06,-0.55,0.15,0.70411,-0.07618,-0.70164,-0.07826,0,0,146013827,252
1.00,0.01,0.01,0.06,-0.49,0.09,0.70416,-0.07618,-0.70159,-0.07826,0,0,146022328,256
1.00,0.01,-0.00,0.00,-0.37,0.12,0.70415,-0.07621,-0.70160,-0.07824,0,0,146030756,256
1.00,0.01,-0.01,0.06,-0.37,0.15,0.70414,-0.07623,-0.70161,-0.07823,0,0,146047799,255
1.00,0.00,0.00,0.09,-0.27,-0.06,0.70417,-0.07625,-0.70158,-0.07822,0,0,146060607,254
1.00,0.01,-0.01,0.15,-0.43,0.12,0.70416,-0.07627,-0.70158,-0.07820,0,0,146077665,257
1.01,0.01,-0.00,0.15,-0.52,-0.06,0.70417,-0.07624,-0.70158,-0.07824,0,0,146094754,254
1.00,0.02,0.00,0.31,-0.52,0.15,0.70418,-0.07623,-0.70157,-0.07823,0,0,146107564,256
1.00,0.01,0.00,0.15,-0.58,0.00,0.70420,-0.07624,-0.70154,-0.07823,0,0,146124602,256
1.00,0.01,-0.01,0.18,-0.49,0.06,0.70419,-0.07623,-0.70155,-0.07824,0,0,146128818,255
1.00,0.01,-0.01,-0.09,-0.40,-0.06,0.70416,-0.07621,-0.70159,-0.07828,0,0,146141569,254
1.00,0.00,-0.00,0.18,-0.49,-0.03,0.70419,-0.07624,-0.70156,-0.07825,0,0,146154320,254
1.00,0.01,-0.01,0.12,-0.34,0.21,0.70417,-0.07623,-0.70157,-0.07827,0,0,146171373,256
1.00,0.00,-0.00,0.06,-0.61,0.15,0.70418,-0.07623,-0.70156,-0.07828,0,0,146188449,256
1.00,0.01,-0.01,0.09,-0.43,-0.12,0.70418,-0.07623,-0.70157,-0.07829,0,0,146201197,254
1.00,0.01,-0.01,0.06,-0.43,-0.03,0.70417,-0.07623,-0.70157,-0.07830,0,0,146218249,252
1.00,0.01,-0.00,0.09,-0.58,-0.09,0.70416,-0.07623,-0.70158,-0.07832,0,0,146226793,252
1.00,0.02,0.00,0.00,-0.09,-0.09,0.70423,-0.07620,-0.70150,-0.07838,0,0,146252434,254
1.00,0.01,-0.00,0.00,-0.49,0.03,0.70424,-0.07622,-0.70150,-0.07836,0,0,146265270,254
0.99,0.01,-0.00,0.03,-0.40,0.03,0.70419,-0.07625,-0.70154,-0.07836,0,0,146295004,255
1.00,0.01,-0.01,0.00,-0.58,0.03,0.70414,-0.07626,-0.70159,-0.07836,0,0,146303521,257
1.00,0.01,-0.01,-0.03,-0.21,0.00,0.70412,-0.07627,-0.70161,-0.07835,0,0,146312046,254
1.00,0.01,-0.00,0.12,-0.46,-0.09,0.70412,-0.07626,-0.70161,-0.07837,0,0,146316368,253
1.00,0.00,0.00,0.18,-0.55,-0.03,0.70415,-0.07628,-0.70158,-0.07835,0,0,146324920,254
0.99,0.01,0.01,0.15,-0.49,-0.06,0.70418,-0.07626,-0.70155,-0.07837,0,0,146329243,252
1.00,0.01,0.00,0.12,-0.67,0.03,0.70418,-0.07625,-0.70155,-0.07837,0,0,146342087,257
0.99,0.01,-0.00,0.09,-0.52,0.09,0.70419,-0.07624,-0.70155,-0.07838,0,0,146346323,256
1.00,0.01,-0.00,0.15,-0.55,-0.15,0.70420,-0.07622,-0.70153,-0.07842,0,0,146359050,252
0.99,0.01,-0.00,0.21,-0.52,0.03,0.70420,-0.07621,-0.70153,-0.07842,0,0,146363367,255
1.00,0.01,-0.00,0.06,-0.46,0.12,0.70418,-0.07623,-0.70155,-0.07841,0,0,146376094,257
0.99,0.01,-0.00,0.15,-0.37,-0.06,0.70418,-0.07624,-0.70155,-0.07841,0,0,146380366,253
1.00,0.00,-0.01,0.06,-0.31,-0.15,0.70416,-0.07625,-0.70157,-0.07841,0,0,146388930,253
1.00,0.01,-0.00,0.00,-0.49,0.03,0.70415,-0.07626,-0.70157,-0.07840,0,0,146397520,257
1.00,0.00,0.00,-0.03,-0.55,0.06,0.70418,-0.07630,-0.70155,-0.07838,0,0,146406021,252
1.00,0.01,-0.00,0.12,-0.79,0.12,0.70418,-0.07628,-0.70154,-0.07841,0,0,146414521,256
1.00,0.01,-0.00,0.03,-0.40,0.18,0.70420,-0.07626,-0.70152,-0.07844,0,0,146440021,255
1.00,0.01,0.00,0.06,-0.24,0.03,0.70422,-0.07627,-0.70150,-0.07843,0,0,146448599,255
1.00,0.01,-0.01,0.09,-0.61,0.00,0.70416,-0.07626,-0.70156,-0.07846,0,0,146469888,256
1.00,0.01,0.00,0.12,-0.46,-0.06,0.70417,-0.07626,-0.70155,-0.07846,0,0,146478373,253
0.99,0.01,-0.00,0.12,-0.58,-0.03,0.70415,-0.07627,-0.70157,-0.07846,0,0,146486920,253
1.00,0.00,0.00,0.15,-0.31,-0.15,0.70417,-0.07629,-0.70155,-0.07844,0,0,146495522,254
1.01,0.01,-0.00,0.09,-0.49,-0.21,0.70415,-0.07629,-0.70156,-0.07846,0,0,146516897,254
1.00,0.01,-0.01,0.40,-0.52,-0.03,0.70414,-0.07628,-0.70158,-0.07845,0,0,146521222,254
1.00,0.01,-0.01,0.06,-0.55,-0.06,0.70413,-0.07629,-0.70159,-0.07846,0,0,146533980,252
1.00,0.01,-0.00,0.00,-0.55,-0.09,0.70412,-0.07627,-0.70159,-0.07848,0,0,146538317,251
1.00,0.01,0.00,0.12,-0.61,0.09,0.70414,-0.07626,-0.70157,-0.07850,0,0,146559685,256
1.00,0.01,0.00,0.12,-0.52,0.06,0.70415,-0.07626,-0.70156,-0.07849,0,0,146563892,255
1.00,0.01,-0.00,0.09,-0.31,-0.12,0.70416,-0.07627,-0.70156,-0.07849,0,0,146576568,254
0.99,0.01,0.00,0.18,-0.52,0.06,0.70418,-0.07625,-0.70154,-0.07851,0,0,146585110,257
0.99,0.01,-0.00,0.18,-0.52,-0.03,0.70417,-0.07623,-0.70155,-0.07851,0,0,146610714,254
1.02,0.01,-0.00,0.06,-0.55,0.12,0.70415,-0.07623,-0.70157,-0.07851,0,0,146619319,254
1.00,0.01,-0.00,0.00,-0.09,-0.12,0.70414,-0.07625,-0.70158,-0.07851,0,0,146640656,253
1.01,0.01,-0.01,0.21,-0.31,0.12,0.70412,-0.07625,-0.70160,-0.07852,0,0,146649238,256
1.00,0.01,-0.00,0.06,-0.43,0.00,0.70412,-0.07626,-0.70160,-0.07852,0,0,146661947,255
0.99,0.01,0.00,0.06,-0.73,0.03,0.70415,-0.07628,-0.70156,-0.07850,0,0,146696051,254
1.00,0.01,0.00,0.03,-0.34,-0.06,0.70412,-0.07634,-0.70160,-0.07846,0,0,146721601,253
1.00,0.01,-0.00,0.03,-0.49,-0.06,0.70414,-0.07634,-0.70157,-0.07846,0,0,146734362,253
1.00,0.01,0.01,0.12,-0.58,0.06,0.70414,-0.07636,-0.70157,-0.07846,0,0,146751485,256
1.00,0.01,-0.00,0.03,-0.21,0.03,0.70409,-0.07632,-0.70162,-0.07850,0,0,146798433,256
1.01,0.01,-0.00,-0.03,-0.52,-0.12,0.70407,-0.07630,-0.70164,-0.07853,0,0,146815512,254
1.00,0.01,0.00,0.21,-0.64,0.00,0.70408,-0.07631,-0.70162,-0.07854,0,0,146828365,255
1.00,0.00,0.00,0.03,-0.64,0.09,0.70411,-0.07637,-0.70160,-0.07848,0,0,146845331,256
1.00,0.01,-0.00,0.12,-0.40,0.09,0.70411,-0.07635,-0.70160,-0.07850,0,0,146853820,254
1.00,0.01,-0.01,0.03,-0.55,0.15,0.70411,-0.07636,-0.70160,-0.07850,0,0,146875107,257
1.00,0.01,-0.00,0.18,-0.67,-0.03,0.70409,-0.07634,-0.70161,-0.07852,0,0,146892217,254
1.00,0.01,-0.01,0.12,-0.76,0.09,0.70409,-0.07633,-0.70161,-0.07854,0,0,146905049,256
1.00,0.01,-0.00,0.21,-0.58,-0.21,0.70408,-0.07634,-0.70163,-0.07854,0,0,146922111,254
1.00,0.01,-0.00,0.12,-0.46,0.12,0.70408,-0.07635,-0.70162,-0.07854,0,0,146934895,256
1.00,0.01,-0.00,0.18,-0.49,0.06,0.70408,-0.07634,-0.70162,-0.07855,0,0,146951972,256
1.00,0.01,-0.00,0.00,-0.55,0.09,0.70413,-0.07636,-0.70157,-0.07853,0,0,146969047,256
1.00,0.01,-0.01,0.15,-0.70,0.03,0.70409,-0.07637,-0.70161,-0.07853,0,0,146981830,255
0.99,0.01,-0.00,0.09,-0.58,0.03,0.70408,-0.07636,-0.70162,-0.07854,0,0,146990334,256
1.00,0.01,-0.01,-0.03,-0.58,-0.03,0.70407,-0.07635,-0.70163,-0.07856,0,0,146994580,254
1.00,0.01,-0.01,0.12,-0.49,-0.12,0.70409,-0.07632,-0.70161,-0.07858,0,0,147020255,252
1.00,0.01,-0.01,0.15,-0.67,-0.12,0.70405,-0.07627,-0.70165,-0.07864,0,0,147045804,252
1.00,0.01,-0.01,0.09,-0.34,0.06,0.70406,-0.07631,-0.70164,-0.07860,0,0,147062934,254
1.00,0.01,-0.00,-0.06,-0.31,0.00,0.70404,-0.07632,-0.70166,-0.07862,0,0,147080042,252
1.00,0.01,0.00,0.12,-0.40,0.15,0.70408,-0.07631,-0.70162,-0.07863,0,0,147092825,255
1.01,0.01,-0.01,0.31,-0.43,-0.12,0.70406,-0.07632,-0.70164,-0.07863,0,0,147101363,253
1.00,0.01,-0.00,-0.06,-0.61,0.06,0.70405,-0.07635,-0.70164,-0.07861,0,0,147109888,253
1.00,0.00,-0.01,0.06,-0.64,-0.09,0.70407,-0.07636,-0.70162,-0.07860,0,0,147122696,254
1.00,0.01,0.00,0.00,-0.43,0.12,0.70408,-0.07636,-0.70161,-0.07861,0,0,147131315,254
1.00,0.01,-0.00,0.15,-0.46,0.09,0.70408,-0.07634,-0.70161,-0.07863,0,0,147144078,256
1.00,0.01,-0.00,0.03,-0.24,0.00,0.70410,-0.07635,-0.70159,-0.07863,0,0,147152643,256
0.99,0.01,-0.01,0.24,-0.52,0.06,0.70410,-0.07634,-0.70160,-0.07865,0,0,147169696,256
1.00,0.01,0.00,-0.09,-0.46,0.00,0.70411,-0.07633,-0.70158,-0.07867,0,0,147178238,252
1.00,0.01,-0.00,0.03,-0.67,-0.06,0.70410,-0.07636,-0.70159,-0.07866,0,0,147186750,253
1.01,0.01,-0.01,0.03,-0.49,-0.18,0.70408,-0.07636,-0.70161,-0.07866,0,0,147195360,253
1.00,0.01,0.01,0.24,-0.43,-0.03,0.70410,-0.07636,-0.70158,-0.07866,0,0,147203885,253
0.99,0.01,-0.01,0.03,-0.40,0.21,0.70410,-0.07639,-0.70159,-0.07864,0,0,147220952,254
1.00,0.01,-0.01,-0.03,-0.34,-0.15,0.70409,-0.07640,-0.70160,-0.07865,0,0,147229483,254
0.99,0.01,0.00,0.00,-0.55,-0.06,0.70408,-0.07639,-0.70160,-0.07867,0,0,147250824,253
1.00,0.01,0.00,0.18,-0.46,-0.09,0.70408,-0.07637,-0.70160,-0.07868,0,0,147259389,254
1.00,0.01,0.00,0.24,-0.49,0.00,0.70410,-0.07640,-0.70158,-0.07866,0,0,147267872,256
1.00,0.01,-0.00,-0.03,-0.61,-0.09,0.70410,-0.07638,-0.70158,-0.07868,0,0,147280613,253
1.01,0.01,0.00,0.00,-0.43,0.06,0.70411,-0.07638,-0.70157,-0.07870,0,0,147289220,256
1.00,0.01,-0.00,0.06,-0.49,-0.06,0.70413,-0.07637,-0.70156,-0.07871,0,0,147297689,253
1.00,0.00,-0.00,0.03,-0.43,0.15,0.70416,-0.07638,-0.70152,-0.07870,0,0,147310561,256
0.99,0.01,-0.01,0.03,-0.43,0.15,0.70416,-0.07641,-0.70152,-0.07869,0,0,147319089,256
1.00,0.02,-0.00,0.21,-0.37,0.03,0.70416,-0.07636,-0.70152,-0.07874,0,0,147327574,256
1.00,0.01,-0.00,0.12,-0.52,0.00,0.70417,-0.07637,-0.70151,-0.07873,0,0,147331828,255
1.00,0.01,-0.00,0.12,-0.61,0.09,0.70415,-0.07640,-0.70153,-0.07871,0,0,147344613,255
1.00,0.00,0.00,0.15,-0.46,-0.15,0.70417,-0.07640,-0.70151,-0.07871,0,0,147353196,253
1.00,0.01,-0.00,0.12,-0.49,-0.06,0.70416,-0.07642,-0.70151,-0.07870,0,0,147361745,254
1.00,0.01,-0.01,0.12,-0.58,-0.09,0.70415,-0.07641,-0.70152,-0.07871,0,0,147374582,253
1.00,0.00,-0.01,0.09,-0.43,0.09,0.70413,-0.07645,-0.70155,-0.07867,0,0,147391652,257
0.99,0.01,-0.01,0.03,-0.43,0.18,0.70411,-0.07647,-0.70157,-0.07867,0,0,147408648,256
1.00,0.01,0.00,0.27,-0.61,-0.12,0.70414,-0.07643,-0.70154,-0.07870,0,0,147421390,254
0.99,0.01,-0.00,0.00,-0.61,0.12,0.70412,-0.07644,-0.70155,-0.07871,0,0,147438528,257
1.00,0.01,-0.01,0.03,-0.49,-0.09,0.70412,-0.07645,-0.70155,-0.07871,0,0,147451310,252
1.00,0.00,-0.00,0.03,-0.43,-0.06,0.70413,-0.07651,-0.70154,-0.07868,0,0,147468483,253
1.00,0.01,-0.00,0.09,-0.43,0.00,0.70408,-0.07651,-0.70159,-0.07867,0,0,147485575,256
1.00,0.01,-0.00,0.12,-0.40,-0.21,0.70409,-0.07650,-0.70158,-0.07869,0,0,147498388,254
1.00,0.01,-0.01,-0.06,-0.43,0.00,0.70410,-0.07649,-0.70157,-0.07872,0,0,147515478,254
1.00,0.00,-0.01,-0.09,-0.55,-0.12,0.70413,-0.07651,-0.70154,-0.07871,0,0,147532520,254
1.00,0.01,-0.00,-0.12,-0.49,-0.03,0.70411,-0.07653,-0.70156,-0.07870,0,0,147549602,253
1.00,0.01,-0.01,0.12,-0.40,0.06,0.70409,-0.07649,-0.70157,-0.07875,0,0,147566691,256
1.00,0.00,-0.00,0.09,-0.37,0.00,0.70410,-0.07651,-0.70157,-0.07874,0,0,147579531,257
1.00,0.01,-0.00,0.06,-0.49,0.00,0.70411,-0.07652,-0.70155,-0.07874,0,0,147596608,256
1.00,0.01,-0.00,0.18,-0.40,-0.15,0.70415,-0.07650,-0.70152,-0.07875,0,0,147609309,253
1.00,0.01,-0.01,0.15,-0.58,-0.06,0.70412,-0.07653,-0.70154,-0.07874,0,0,147626366,253
0.99,0.01,-0.00,0.09,-0.55,0.06,0.70411,-0.07657,-0.70155,-0.07872,0,0,147643489,256
1.00,0.01,-0.01,0.06,-0.27,-0.09,0.70410,-0.07657,-0.70156,-0.07872,0,0,147656288,252
0.99,0.01,-0.00,-0.15,-0.58,0.12,0.70411,-0.07657,-0.70154,-0.07874,0,0,147677580,253
1.00,0.00,-0.00,0.00,-0.55,-0.06,0.70410,-0.07657,-0.70155,-0.07875,0,0,147690365,253
1.00,0.01,-0.01,0.09,-0.49,0.06,0.70410,-0.07656,-0.70155,-0.07877,0,0,147703194,256
1.00,0.01,-0.00,-0.03,-0.34,-0.12,0.70408,-0.07656,-0.70157,-0.07878,0,0,147720240,251
1.00,0.01,-0.01,0.09,-0.49,-0.09,0.70406,-0.07657,-0.70159,-0.07878,0,0,147737307,252
1.00,0.01,-0.00,0.06,-0.34,0.09,0.70407,-0.07657,-0.70158,-0.07878,0,0,147750199,256
0.99,0.01,-0.00,0.00,-0.49,0.03,0.70407,-0.07657,-0.70158,-0.07879,0,0,147767221,256
1.00,0.01,-0.01,-0.03,-0.49,-0.03,0.70404,-0.07656,-0.70160,-0.07881,0,0,147784309,252
1.00,0.00,-0.01,-0.21,-0.64,0.12,0.70404,-0.07660,-0.70161,-0.07877,0,0,147797100,254
1.00,0.01,-0.00,0.12,-0.52,-0.06,0.70405,-0.07660,-0.70160,-0.07879,0,0,147814191,254
1.00,0.01,0.01,0.09,-0.55,-0.03,0.70410,-0.07663,-0.70155,-0.07877,0,0,147831364,253
1.00,0.01,-0.00,0.12,-0.37,0.12,0.70411,-0.07663,-0.70153,-0.07877,0,0,147844223,256
1.00,0.01,-0.01,0.21,-0.52,-0.09,0.70405,-0.07661,-0.70159,-0.07879,0,0,147861314,251
1.00,0.01,-0.00,0.12,-0.58,0.03,0.70405,-0.07663,-0.70159,-0.07878,0,0,147874106,256
1.00,0.00,-0.01,0.00,-0.43,-0.03,0.70405,-0.07667,-0.70159,-0.07874,0,0,147891103,255
1.00,0.01,-0.01,0.12,-0.49,-0.18,0.70406,-0.07668,-0.70158,-0.07875,0,0,147908196,254
1.00,0.01,-0.01,0.18,-0.40,-0.12,0.70401,-0.07668,-0.70163,-0.07876,0,0,147925251,252
1.00,0.01,0.00,0.12,-0.27,0.00,0.70404,-0.07665,-0.70160,-0.07879,0,0,147938011,255
0.99,0.01,-0.00,0.21,-0.76,-0.21,0.70402,-0.07664,-0.70162,-0.07880,0,0,147955020,252
1.00,0.01,0.00,0.00,-0.61,0.00,0.70401,-0.07660,-0.70163,-0.07884,0,0,147967869,255
1.00,0.01,0.01,0.12,-0.40,-0.15,0.70404,-0.07659,-0.70160,-0.07887,0,0,147984840,252
1.00,0.01,-0.00,0.09,-0.58,0.06,0.70402,-0.07661,-0.70162,-0.07886,0,0,148001952,255
1.00,0.01,-0.00,0.09,-0.55,0.00,0.70403,-0.07661,-0.70161,-0.07886,0,0,148014723,257
1.00,0.01,-0.00,-0.03,-0.52,0.03,0.70403,-0.07662,-0.70160,-0.07888,0,0,148031751,254
0.99,0.00,0.00,0.03,-0.46,-0.12,0.70404,-0.07663,-0.70159,-0.07887,0,0,148048882,253
1.00,0.01,-0.01,0.24,-0.34,-0.03,0.70404,-0.07664,-0.70159,-0.07887,0,0,148065974,253
1.00,0.00,-0.01,0.03,-0.55,-0.03,0.70401,-0.07666,-0.70162,-0.07886,0,0,148078813,252
1.00,0.00,-0.00,0.03,-0.46,0.06,0.70401,-0.07666,-0.70162,-0.07888,0,0,148095929,254
1.00,0.00,-0.01,0.06,-0.58,0.09,0.70399,-0.07669,-0.70164,-0.07886,0,0,148108697,256
0.99,0.00,-0.00,0.15,-0.49,0.24,0.70398,-0.07670,-0.70164,-0.07886,0,0,148125799,255
1.00,0.00,-0.01,0.09,-0.52,0.09,0.70399,-0.07673,-0.70163,-0.07883,0,0,148142839,255
0.99,0.00,0.00,0.03,-0.67,-0.12,0.70400,-0.07675,-0.70163,-0.07881,0,0,148159870,252
1.00,0.01,0.00,-0.03,-0.24,0.00,0.70400,-0.07677,-0.70162,-0.07881,0,0,148172660,255
1.00,0.02,0.00,0.09,-0.27,-0.15,0.70401,-0.07676,-0.70161,-0.07882,0,0,148189713,254
1.00,0.01,0.00,0.09,-0.61,0.06,0.70404,-0.07680,-0.70159,-0.07880,0,0,148202584,256
1.00,0.00,-0.00,0.18,-0.49,-0.03,0.70402,-0.07684,-0.70160,-0.07877,0,0,148219600,254
1.00,0.01,-0.00,0.09,-0.43,-0.09,0.70404,-0.07687,-0.70158,-0.07874,0,0,148232358,253
1.00,0.01,-0.00,0.21,-0.46,-0.12,0.70404,-0.07685,-0.70158,-0.07877,0,0,148253650,253
1.00,0.00,-0.01,0.15,-0.46,0.09,0.70406,-0.07687,-0.70157,-0.07876,0,0,148266456,256
1.00,0.01,-0.00,-0.06,-0.64,0.21,0.70407,-0.07689,-0.70155,-0.07875,0,0,148283545,253
1.00,0.01,-0.01,0.15,-0.43,-0.03,0.70405,-0.07689,-0.70157,-0.07876,0,0,148296352,253
1.00,0.01,-0.01,0.24,-0.27,0.09,0.70405,-0.07689,-0.70156,-0.07877,0,0,148313418,256
0.99,0.01,-0.01,0.06,-0.43,0.15,0.70401,-0.07689,-0.70161,-0.07879,0,0,148330561,256
0.99,0.01,-0.00,0.15,-0.37,0.00,0.70402,-0.07692,-0.70159,-0.07877,0,0,148343390,256
1.00,0.01,-0.00,0.15,-0.55,0.03,0.70404,-0.07694,-0.70158,-0.07875,0,0,148360359,256
1.00,0.01,-0.00,0.09,-0.73,-0.03,0.70404,-0.07700,-0.70157,-0.07870,0,0,148377357,254
1.00,0.01,0.00,0.03,-0.52,-0.12,0.70406,-0.07695,-0.70155,-0.07875,0,0,148390199,253
1.00,0.01,-0.00,-0.06,-0.46,-0.03,0.70405,-0.07695,-0.70156,-0.07877,0,0,148407290,252
1.00,0.01,0.01,0.18,-0.31,0.06,0.70407,-0.07693,-0.70154,-0.07880,0,0,148420091,257
1.00,0.01,0.01,-0.06,-0.52,-0.06,0.70409,-0.07695,-0.70152,-0.07880,0,0,148437079,254
0.99,0.01,-0.01,-0.03,-0.46,0.15,0.70406,-0.07693,-0.70155,-0.07881,0,0,148454109,255
0.99,0.00,-0.00,0.00,-0.58,0.06,0.70407,-0.07696,-0.70154,-0.07881,0,0,148471314,254
0.99,0.01,-0.00,0.06,-0.58,-0.06,0.70407,-0.07693,-0.70153,-0.07885,0,0,148488382,254
1.00,0.00,-0.00,0.12,-0.52,-0.09,0.70408,-0.07694,-0.70152,-0.07885,0,0,148501193,252
1.00,0.01,-0.01,0.21,-0.61,-0.03,0.70406,-0.07696,-0.70154,-0.07883,0,0,148518259,252
0.99,0.00,0.00,-0.03,-0.61,0.00,0.70406,-0.07699,-0.70154,-0.07882,0,0,148531053,254
1.00,0.01,-0.00,0.03,-0.46,-0.18,0.70406,-0.07698,-0.70154,-0.07884,0,0,148548110,254
1.00,0.00,-0.01,0.18,-0.34,-0.18,0.70406,-0.07698,-0.70154,-0.07883,0,0,148565092,254
1.00,0.01,-0.00,0.12,-0.49,0.03,0.70408,-0.07698,-0.70152,-0.07884,0,0,148577848,255
1.01,0.01,-0.00,0.15,-0.46,0.09,0.70409,-0.07698,-0.70151,-0.07883,0,0,148594895,257
1.00,0.01,0.00,0.06,-0.24,-0.12,0.70412,-0.07698,-0.70148,-0.07884,0,0,148611876,253
1.00,0.01,-0.01,0.03,-0.40,0.12,0.70413,-0.07697,-0.70147,-0.07887,0,0,148624751,256
1.00,0.01,-0.00,0.12,-0.46,0.03,0.70415,-0.07698,-0.70145,-0.07886,0,0,148641797,255
1.00,0.01,0.00,0.00,-0.43,0.00,0.70412,-0.07696,-0.70147,-0.07889,0,0,148654564,256
1.00,0.01,-0.00,0.09,-0.49,-0.03,0.70415,-0.07699,-0.70144,-0.07887,0,0,148675796,252
1.00,0.01,-0.00,0.06,-0.52,0.15,0.70411,-0.07703,-0.70148,-0.07884,0,0,148688667,255
1.00,0.00,-0.00,0.15,-0.52,-0.18,0.70411,-0.07704,-0.70148,-0.07883,0,0,148705752,254
1.00,0.01,-0.00,0.24,-0.40,0.00,0.70413,-0.07702,-0.70146,-0.07886,0,0,148718596,256
1.00,0.01,-0.01,0.06,-0.64,-0.12,0.70415,-0.07703,-0.70144,-0.07886,0,0,148735662,254
0.99,0.01,0.01,0.03,-0.64,0.18,0.70414,-0.07704,-0.70145,-0.07886,0,0,148748514,256
0.99,0.01,-0.00,0.24,-0.55,0.15,0.70411,-0.07705,-0.70148,-0.07885,0,0,148765556,256
1.00,0.01,-0.00,0.12,-0.43,-0.03,0.70412,-0.07703,-0.70147,-0.07887,0,0,148782659,253
1.00,0.01,-0.00,0.09,-0.40,0.09,0.70412,-0.07703,-0.70147,-0.07888,0,0,148795482,256
1.00,0.01,-0.00,0.18,-0.43,-0.03,0.70412,-0.07702,-0.70147,-0.07889,0,0,148812517,255
1.00,0.01,-0.01,0.06,-0.46,0.12,0.70407,-0.07705,-0.70151,-0.07888,0,0,148825387,256
1.00,0.01,0.00,0.06,-0.55,-0.12,0.70408,-0.07704,-0.70150,-0.07889,0,0,148829627,253
0.99,0.01,0.00,0.15,-0.46,0.00,0.70409,-0.07704,-0.70150,-0.07890,0,0,148833928,254
1.00,0.01,-0.00,0.12,-0.61,0.09,0.70408,-0.07703,-0.70150,-0.07891,0,0,148838167,255
1.00,0.01,-0.01,0.27,-0.61,0.03,0.70410,-0.07703,-0.70149,-0.07891,0,0,148850929,254
1.00,0.01,0.00,0.18,-0.52,0.00,0.70416,-0.07706,-0.70143,-0.07890,0,0,148906411,256
1.00,0.01,0.00,0.09,-0.43,0.12,0.70415,-0.07708,-0.70143,-0.07889,0,0,148919229,256
1.00,0.01,-0.01,0.09,-0.55,-0.06,0.70414,-0.07708,-0.70144,-0.07889,0,0,148923441,253
1.01,0.01,-0.01,0.03,-0.49,-0.06,0.70413,-0.07708,-0.70146,-0.07890,0,0,148927707,254
1.00,0.01,0.00,0.06,-0.67,-0.06,0.70411,-0.07703,-0.70147,-0.07897,0,0,148970362,253
1.00,0.01,0.00,0.03,-0.43,-0.09,0.70410,-0.07705,-0.70148,-0.07895,0,0,148983249,252
1.00,0.01,-0.00,0.06,-0.64,0.00,0.70411,-0.07705,-0.70147,-0.07897,0,0,149000366,256
1.00,0.00,-0.00,0.21,-0.52,0.00,0.70414,-0.07707,-0.70144,-0.07895,0,0,149017364,256
0.99,0.01,0.00,0.15,-0.46,0.06,0.70414,-0.07707,-0.70144,-0.07896,0,0,149030102,257
1.00,0.00,-0.01,0.06,-0.73,0.12,0.70414,-0.07707,-0.70143,-0.07897,0,0,149047084,256
1.00,0.01,-0.00,0.06,-0.49,0.00,0.70415,-0.07710,-0.70143,-0.07895,0,0,149064083,257
1.00,0.01,-0.01,0.12,-0.46,-0.21,0.70414,-0.07709,-0.70144,-0.07896,0,0,149076879,253
1.00,0.01,-0.00,-0.06,-0.55,-0.12,0.70414,-0.07709,-0.70144,-0.07895,0,0,149094054,252
1.00,0.01,-0.00,0.03,-0.46,0.03,0.70413,-0.07708,-0.70144,-0.07897,0,0,149102608,256
1.00,0.01,-0.00,-0.03,-0.58,0.18,0.70411,-0.07709,-0.70146,-0.07898,0,0,149111162,253
1.00,0.01,0.00,0.09,-0.46,0.09,0.70411,-0.07709,-0.70146,-0.07898,0,0,149119657,257
1.00,0.01,-0.00,-0.03,-0.46,0.03,0.70411,-0.07708,-0.70146,-0.07900,0,0,149128194,254
1.00,0.00,0.00,-0.03,-0.49,-0.06,0.70415,-0.07708,-0.70142,-0.07901,0,0,149136685,253
1.00,0.01,-0.01,0.00,-0.43,-0.15,0.70412,-0.07707,-0.70145,-0.07903,0,0,149145214,254
1.00,0.01,-0.01,0.15,-0.49,-0.09,0.70409,-0.07706,-0.70148,-0.07904,0,0,149153749,254
1.00,0.01,-0.00,0.24,-0.40,-0.18,0.70409,-0.07706,-0.70148,-0.07904,0,0,149162327,252
1.00,0.01,-0.01,0.12,-0.46,-0.06,0.70408,-0.07706,-0.70149,-0.07904,0,0,149170866,252
1.00,0.01,-0.00,0.18,-0.18,-0.06,0.70409,-0.07705,-0.70148,-0.07905,0,0,149179478,253
1.00,0.01,-0.00,0.06,-0.52,0.06,0.70408,-0.07704,-0.70149,-0.07907,0,0,149187996,255
1.00,0.01,-0.01,-0.03,-0.43,0.09,0.70409,-0.07704,-0.70148,-0.07908,0,0,149196563,254
1.00,0.01,-0.00,0.03,-0.40,-0.09,0.70409,-0.07704,-0.70148,-0.07908,0,0,149205084,253
1.00,0.01,-0.00,-0.06,-0.58,0.00,0.70407,-0.07704,-0.70150,-0.07908,0,0,149213628,253
1.00,0.01,-0.00,0.27,-0.52,-0.06,0.70408,-0.07702,-0.70149,-0.07910,0,0,149222263,252
1.00,0.01,-0.01,0.24,-0.37,0.03,0.70406,-0.07701,-0.70150,-0.07910,0,0,149230819,254
1.00,0.01,0.01,0.06,-0.55,-0.03,0.70409,-0.07703,-0.70148,-0.07908,0,0,149239322,254
1.00,0.01,-0.01,-0.06,-0.40,0.21,0.70407,-0.07703,-0.70150,-0.07909,0,0,149247850,253
1.00,0.01,-0.00,0.12,-0.43,-0.09,0.70405,-0.07703,-0.70151,-0.07910,0,0,149256418,253
0.99,0.01,-0.01,0.03,-0.43,-0.15,0.70404,-0.07703,-0.70153,-0.07911,0,0,149264981,253
1.00,0.01,0.00,0.09,-0.49,0.12,0.70405,-0.07703,-0.70151,-0.07911,0,0,149273601,256
0.99,0.01,0.00,0.21,-0.49,0.06,0.70406,-0.07705,-0.70150,-0.07910,0,0,149282042,257
1.00,0.01,-0.00,0.00,-0.43,0.09,0.70406,-0.07704,-0.70150,-0.07911,0,0,149290527,257
1.00,0.01,-0.00,0.12,-0.64,-0.21,0.70406,-0.07705,-0.70150,-0.07910,0,0,149299040,252
1.00,0.01,0.01,0.09,-0.43,-0.03,0.70406,-0.07705,-0.70150,-0.07911,0,0,149311880,253
1.00,0.01,0.00,-0.09,-0.37,-0.06,0.70405,-0.07707,-0.70151,-0.07911,0,0,149320484,254
1.00,0.01,-0.01,-0.06,-0.31,-0.06,0.70405,-0.07705,-0.70151,-0.07914,0,0,149333225,253
1.00,0.01,-0.00,0.15,-0.37,-0.03,0.70405,-0.07704,-0.70151,-0.07916,0,0,149341757,254
1.00,0.01,-0.01,0.03,-0.58,0.15,0.70403,-0.07703,-0.70153,-0.07917,0,0,149350367,255
1.00,0.01,-0.00,0.00,-0.64,-0.03,0.70403,-0.07704,-0.70153,-0.07917,0,0,149358850,253
1.00,0.01,0.00,0.15,-0.70,0.03,0.70402,-0.07707,-0.70154,-0.07914,0,0,149367377,256
1.00,0.01,-0.00,0.12,-0.43,-0.03,0.70403,-0.07706,-0.70153,-0.07915,0,0,149375868,253
1.00,0.01,-0.00,0.09,-0.34,0.03,0.70401,-0.07707,-0.70155,-0.07914,0,0,149384433,256
1.00,0.01,-0.00,0.12,-0.52,0.00,0.70401,-0.07707,-0.70154,-0.07915,0,0,149392950,255
1.00,0.01,-0.01,0.09,-0.43,0.06,0.70399,-0.07706,-0.70157,-0.07917,0,0,149401542,255
1.00,0.01,-0.01,0.06,-0.49,0.00,0.70397,-0.07708,-0.70158,-0.07915,0,0,149410048,255
1.00,0.01,-0.01,0.24,-0.52,-0.09,0.70398,-0.07708,-0.70158,-0.07915,0,0,149418608,253
1.01,0.00,0.00,0.18,-0.31,-0.03,0.70402,-0.07708,-0.70153,-0.07915,0,0,149427084,254
1.00,0.01,-0.01,0.31,-0.49,-0.09,0.70403,-0.07707,-0.70152,-0.07916,0,0,149435625,253
0.99,0.02,0.00,-0.06,-0.37,0.00,0.70406,-0.07704,-0.70149,-0.07919,0,0,149444259,252
1.00,0.00,-0.00,0.18,-0.43,0.00,0.70408,-0.07706,-0.70147,-0.07917,0,0,149452708,257
1.00,0.01,-0.00,0.15,-0.27,-0.06,0.70409,-0.07706,-0.70146,-0.07917,0,0,149461293,252
0.99,0.01,-0.00,0.18,-0.55,0.03,0.70407,-0.07704,-0.70148,-0.07919,0,0,149469864,255
1.00,0.01,0.00,0.09,-0.46,-0.15,0.70410,-0.07705,-0.70145,-0.07919,0,0,149478358,253
1.00,0.01,0.00,-0.03,-0.61,0.09,0.70409,-0.07706,-0.70146,-0.07919,0,0,149486880,253
1.00,0.01,-0.00,0.09,-0.40,0.03,0.70408,-0.07708,-0.70147,-0.07917,0,0,149495452,256
1.00,0.01,-0.00,0.03,-0.61,0.00,0.70404,-0.07709,-0.70151,-0.07917,0,0,149503979,255
1.00,0.01,0.00,0.06,-0.58,-0.12,0.70405,-0.07708,-0.70150,-0.07918,0,0,149512523,255
1.00,0.01,-0.01,0.09,-0.46,-0.03,0.70405,-0.07709,-0.70150,-0.07917,0,0,149521082,254
1.00,0.01,-0.00,0.27,-0.43,-0.12,0.70405,-0.07711,-0.70150,-0.07916,0,0,149533896,254
0.99,0.01,-0.00,0.12,-0.31,0.00,0.70407,-0.07711,-0.70148,-0.07916,0,0,149542416,257
1.00,0.01,0.00,0.12,-0.46,-0.06,0.70408,-0.07711,-0.70147,-0.07916,0,0,149550903,253
1.00,0.01,0.00,0.24,-0.61,-0.03,0.70412,-0.07712,-0.70143,-0.07914,0,0,149563660,254
1.00,0.01,-0.01,-0.09,-0.49,0.24,0.70411,-0.07713,-0.70144,-0.07915,0,0,149572275,252
1.00,0.01,-0.00,0.15,-0.49,0.09,0.70413,-0.07714,-0.70142,-0.07914,0,0,149580774,255
1.00,0.01,-0.00,-0.09,-0.46,-0.18,0.70413,-0.07715,-0.70141,-0.07914,0,0,149589329,253
1.00,0.01,-0.01,0.09,-0.24,0.00,0.70413,-0.07717,-0.70142,-0.07913,0,0,149602164,255
0.99,0.00,0.01,0.00,-0.61,-0.12,0.70417,-0.07718,-0.70138,-0.07914,0,0,149610686,254
1.00,0.01,0.00,-0.09,-0.27,0.03,0.70419,-0.07716,-0.70135,-0.07917,0,0,149619316,251
0.99,0.01,0.00,0.09,-0.37,0.03,0.70421,-0.07715,-0.70134,-0.07918,0,0,149627881,256
0.99,0.01,-0.00,0.15,-0.73,-0.03,0.70420,-0.07714,-0.70135,-0.07920,0,0,149636377,255
1.00,0.01,0.00,0.09,-0.46,0.00,0.70421,-0.07713,-0.70133,-0.07921,0,0,149644889,256
1.00,0.01,0.00,0.15,-0.52,0.06,0.70422,-0.07713,-0.70132,-0.07921,0,0,149653385,257
1.00,0.01,-0.00,0.09,-0.52,-0.18,0.70421,-0.07711,-0.70133,-0.07924,0,0,149661866,253
1.00,0.01,-0.01,-0.12,-0.55,-0.03,0.70419,-0.07713,-0.70135,-0.07924,0,0,149670431,254
1.00,0.01,0.00,0.18,-0.43,-0.09,0.70422,-0.07713,-0.70132,-0.07923,0,0,149678951,253
1.00,0.01,-0.00,0.18,-0.49,-0.06,0.70424,-0.07711,-0.70129,-0.07925,0,0,149687525,255
1.00,0.00,0.00,0.09,-0.46,-0.06,0.70427,-0.07713,-0.70127,-0.07924,0,0,149696087,254
0.99,0.01,-0.00,0.15,-0.49,-0.18,0.70425,-0.07714,-0.70129,-0.07923,0,0,149704663,253
1.00,0.01,-0.00,0.06,-0.58,-0.03,0.70425,-0.07714,-0.70129,-0.07922,0,0,149708946,253
1.00,0.01,-0.00,0.09,-0.34,0.09,0.70424,-0.07717,-0.70130,-0.07922,0,0,149734662,255
1.00,0.01,-0.00,0.31,-0.43,-0.21,0.70424,-0.07717,-0.70129,-0.07923,0,0,149751718,254
1.00,0.01,-0.01,0.06,-0.70,-0.18,0.70422,-0.07718,-0.70131,-0.07923,0,0,149760304,252
1.00,0.01,-0.00,-0.03,-0.70,-0.09,0.70422,-0.07717,-0.70132,-0.07924,0,0,149768841,252
1.00,0.01,-0.01,0.03,-0.52,-0.18,0.70420,-0.07719,-0.70133,-0.07923,0,0,149781626,253
1.00,0.01,-0.00,0.09,-0.46,-0.18,0.70418,-0.07721,-0.70135,-0.07922,0,0,149794490,254
1.00,0.01,-0.01,0.03,-0.49,-0.03,0.70418,-0.07722,-0.70135,-0.07923,0,0,149811523,255
1.00,0.01,-0.00,0.03,-0.40,-0.03,0.70418,-0.07723,-0.70134,-0.07925,0,0,149828658,253
1.00,0.01,0.00,-0.03,-0.55,0.21,0.70421,-0.07723,-0.70132,-0.07925,0,0,149845719,254
1.00,0.01,-0.00,-0.09,-0.64,-0.09,0.70421,-0.07722,-0.70132,-0.07927,0,0,149858544,252
1.00,0.00,-0.00,0.12,-0.52,0.12,0.70421,-0.07723,-0.70131,-0.07927,0,0,149875580,255
0.99,0.00,-0.00,0.18,-0.55,0.06,0.70422,-0.07725,-0.70130,-0.07928,0,0,149892663,257
1.00,0.01,-0.01,-0.03,-0.46,0.09,0.70422,-0.07724,-0.70130,-0.07930,0,0,149909753,254
1.00,0.01,-0.01,-0.09,-0.43,0.00,0.70423,-0.07725,-0.70129,-0.07931,0,0,149922559,254
1.00,0.01,-0.00,0.21,-0.55,0.18,0.70420,-0.07724,-0.70131,-0.07931,0,0,149935378,256
1.00,0.01,0.00,0.24,-0.37,0.00,0.70420,-0.07722,-0.70131,-0.07934,0,0,149952374,256
1.00,0.01,-0.00,-0.03,-0.40,-0.06,0.70415,-0.07724,-0.70137,-0.07933,0,0,149969408,253
1.00,0.01,-0.00,0.15,-0.40,-0.06,0.70419,-0.07726,-0.70133,-0.07933,0,0,149986512,254
1.01,0.01,-0.00,0.09,-0.40,0.00,0.70420,-0.07727,-0.70131,-0.07932,0,0,149999361,256
0.99,0.01,0.00,0.24,-0.52,0.00,0.70420,-0.07724,-0.70131,-0.07935,0,0,150016415,256
1.00,0.01,-0.01,0.31,-0.61,0.06,0.70422,-0.07723,-0.70129,-0.07936,0,0,150033383,256
1.00,0.01,-0.00,0.15,-0.34,-0.03,0.70419,-0.07724,-0.70132,-0.07935,0,0,150046219,254
0.99,0.01,0.00,0.06,-0.55,0.00,0.70419,-0.07724,-0.70132,-0.07936,0,0,150063271,254
0.99,0.01,-0.01,0.09,-0.58,0.06,0.70417,-0.07722,-0.70135,-0.07938,0,0,150080324,256
1.00,0.01,0.00,0.09,-0.31,-0.12,0.70418,-0.07721,-0.70133,-0.07940,0,0,150093086,254
1.00,0.00,-0.00,0.15,-0.61,-0.09,0.70417,-0.07720,-0.70134,-0.07940,0,0,150105902,254
1.00,0.01,-0.01,0.00,-0.49,-0.15,0.70414,-0.07720,-0.70137,-0.07940,0,0,150127362,253
0.99,0.01,-0.00,0.15,-0.82,0.09,0.70416,-0.07720,-0.70135,-0.07940,0,0,150144385,257
1.00,0.01,0.01,0.06,-0.67,-0.12,0.70419,-0.07719,-0.70132,-0.07944,0,0,150161527,254
0.99,0.01,-0.01,0.21,-0.55,-0.09,0.70417,-0.07722,-0.70134,-0.07942,0,0,150187106,254
1.00,-0.00,-0.00,0.09,-0.49,0.06,0.70417,-0.07722,-0.70133,-0.07942,0,0,150199895,253
1.00,0.01,-0.01,0.18,-0.46,0.18,0.70417,-0.07721,-0.70133,-0.07945,0,0,150216994,255
1.00,0.01,-0.01,0.06,-0.15,0.03,0.70415,-0.07722,-0.70135,-0.07945,0,0,150234098,257
1.00,0.01,-0.00,0.15,-0.49,-0.03,0.70416,-0.07724,-0.70134,-0.07944,0,0,150251245,252
1.00,0.01,0.00,0.12,-0.52,0.00,0.70415,-0.07723,-0.70135,-0.07944,0,0,150264076,256
0.99,0.01,0.00,0.09,-0.64,-0.12,0.70417,-0.07727,-0.70134,-0.07942,0,0,150285394,254
1.00,0.01,-0.01,0.12,-0.40,-0.03,0.70413,-0.07728,-0.70137,-0.07942,0,0,150298238,252
1.00,0.01,-0.00,0.15,-0.58,0.00,0.70413,-0.07729,-0.70137,-0.07942,0,0,150311051,255
1.00,0.01,-0.01,-0.06,-0.43,0.12,0.70412,-0.07730,-0.70137,-0.07944,0,0,150328168,253
1.00,0.01,-0.00,-0.03,-0.64,-0.03,0.70411,-0.07728,-0.70139,-0.07947,0,0,150345275,252
1.00,0.01,-0.00,0.09,-0.49,0.09,0.70416,-0.07729,-0.70133,-0.07948,0,0,150362294,254
1.00,0.01,0.00,0.03,-0.43,-0.06,0.70416,-0.07728,-0.70133,-0.07950,0,0,150375086,254
0.99,0.01,-0.00,0.18,-0.49,0.00,0.70416,-0.07725,-0.70133,-0.07954,0,0,150396360,256
1.00,0.01,0.01,0.21,-0.64,-0.03,0.70418,-0.07727,-0.70131,-0.07953,0,0,150409137,255
0.99,0.01,-0.00,0.15,-0.55,0.00,0.70415,-0.07728,-0.70134,-0.07951,0,0,150426195,256
0.99,0.01,0.00,0.03,-0.27,-0.12,0.70417,-0.07726,-0.70132,-0.07955,0,0,150438898,253
1.00,0.01,-0.01,0.03,-0.46,0.03,0.70414,-0.07729,-0.70135,-0.07953,0,0,150451752,256
1.00,0.01,-0.00,0.00,-0.46,0.15,0.70413,-0.07728,-0.70135,-0.07954,0,0,150468846,256
1.00,0.01,-0.00,0.21,-0.40,-0.12,0.70408,-0.07727,-0.70141,-0.07955,0,0,150481625,253
1.00,0.01,0.00,0.09,-0.43,0.06,0.70410,-0.07724,-0.70138,-0.07959,0,0,150502969,255
1.00,0.01,-0.00,0.18,-0.37,0.27,0.70411,-0.07726,-0.70138,-0.07958,0,0,150515753,256
1.00,0.01,-0.00,0.15,-0.43,0.00,0.70414,-0.07727,-0.70134,-0.07957,0,0,150532718,257
1.00,0.01,-0.00,0.06,-0.31,0.12,0.70414,-0.07731,-0.70135,-0.07955,0,0,150549762,257
1.00,0.01,-0.01,0.06,-0.18,0.09,0.70414,-0.07732,-0.70134,-0.07955,0,0,150562612,256
1.00,0.01,0.00,0.24,-0.46,0.06,0.70414,-0.07731,-0.70134,-0.07956,0,0,150575484,255
0.99,0.01,0.00,0.03,-0.49,-0.09,0.70415,-0.07730,-0.70133,-0.07959,0,0,150592565,254
0.99,0.01,0.00,0.24,-0.46,-0.06,0.70415,-0.07732,-0.70133,-0.07957,0,0,150609614,253
1.00,0.01,-0.00,0.12,-0.52,-0.06,0.70415,-0.07734,-0.70132,-0.07956,0,0,150626698,254
1.00,0.01,0.00,0.03,-0.73,-0.09,0.70418,-0.07735,-0.70130,-0.07957,0,0,150639483,254
1.00,0.01,0.00,0.31,-0.67,0.37,0.70420,-0.07735,-0.70128,-0.07957,0,0,150656485,256
1.00,0.01,-0.01,0.09,-0.49,-0.06,0.70410,-0.07738,-0.70138,-0.07956,0,0,150677773,253
1.00,0.01,-0.01,0.09,-0.46,-0.06,0.70407,-0.07738,-0.70140,-0.07957,0,0,150686367,253
1.00,0.01,-0.00,0.00,-0.37,-0.21,0.70406,-0.07738,-0.70141,-0.07957,0,0,150703481,254
0.99,0.02,-0.00,0.00,-0.46,-0.06,0.70406,-0.07739,-0.70141,-0.07958,0,0,150716352,253
1.00,0.01,-0.00,0.00,-0.52,-0.31,0.70403,-0.07739,-0.70144,-0.07958,0,0,150733435,254
1.00,0.01,0.00,0.15,-0.43,-0.15,0.70403,-0.07738,-0.70144,-0.07960,0,0,150750492,255
1.00,0.01,0.00,0.09,-0.52,0.00,0.70405,-0.07737,-0.70142,-0.07961,0,0,150767609,256
1.00,0.01,-0.00,0.12,-0.61,0.03,0.70406,-0.07735,-0.70141,-0.07964,0,0,150784646,256
1.00,0.00,0.00,0.18,-0.58,0.00,0.70409,-0.07738,-0.70138,-0.07961,0,0,150801715,257
1.00,0.01,-0.00,0.06,-0.40,0.06,0.70409,-0.07739,-0.70138,-0.07960,0,0,150827310,254
1.00,0.00,-0.00,0.24,-0.52,-0.06,0.70408,-0.07741,-0.70138,-0.07958,0,0,150844327,253
1.00,0.01,0.00,0.40,-0.52,-0.06,0.70407,-0.07740,-0.70140,-0.07959,0,0,150857168,253
1.00,0.01,-0.01,0.21,-0.43,-0.06,0.70405,-0.07746,-0.70142,-0.07952,0,0,150878473,253
1.00,0.01,-0.01,0.18,-0.31,0.03,0.70403,-0.07747,-0.70144,-0.07951,0,0,150891317,254
1.00,0.01,0.00,0.03,-0.70,0.03,0.70407,-0.07746,-0.70140,-0.07954,0,0,150908413,256
1.00,0.01,-0.00,0.06,-0.37,0.03,0.70406,-0.07749,-0.70141,-0.07951,0,0,150921200,256
1.00,0.01,-0.00,0.06,-0.27,-0.24,0.70406,-0.07749,-0.70141,-0.07952,0,0,150942404,254
1.00,0.01,-0.00,0.00,-0.52,0.03,0.70405,-0.07750,-0.70141,-0.07952,0,0,150950928,254
1.00,0.01,0.00,-0.03,-0.37,-0.12,0.70410,-0.07747,-0.70136,-0.07956,0,0,150967981,253
1.00,0.01,-0.00,-0.09,-0.67,-0.03,0.70412,-0.07750,-0.70134,-0.07954,0,0,150985046,254
0.99,0.01,-0.00,0.18,-0.58,0.21,0.70410,-0.07752,-0.70136,-0.07952,0,0,150997871,254
0.99,0.01,-0.01,0.12,-0.64,0.09,0.70413,-0.07754,-0.70133,-0.07951,0,0,151014851,255
1.01,0.01,-0.01,0.24,-0.31,-0.12,0.70415,-0.07752,-0.70131,-0.07953,0,0,151031749,254
1.00,0.01,-0.01,0.12,-0.55,0.00,0.70415,-0.07754,-0.70131,-0.07951,0,0,151048864,255
1.00,0.01,-0.00,0.12,-0.55,0.12,0.70414,-0.07754,-0.70132,-0.07952,0,0,151065946,255
1.00,0.02,0.00,0.06,-0.34,0.06,0.70418,-0.07754,-0.70128,-0.07952,0,0,151095720,257
1.00,0.01,-0.01,0.12,-0.46,-0.03,0.70417,-0.07753,-0.70129,-0.07954,0,0,151108508,254
1.00,0.01,0.00,-0.06,-0.58,0.06,0.70422,-0.07755,-0.70124,-0.07953,0,0,151125583,253
1.00,0.01,-0.00,0.27,-0.49,0.03,0.70423,-0.07756,-0.70123,-0.07953,0,0,151138473,256
1.00,0.01,0.00,0.03,-0.31,-0.06,0.70423,-0.07757,-0.70122,-0.07952,0,0,151155484,254
1.00,0.01,-0.00,0.15,-0.18,-0.03,0.70426,-0.07753,-0.70120,-0.07954,0,0,151172606,253
1.00,0.01,-0.01,0.03,-0.73,0.03,0.70426,-0.07751,-0.70120,-0.07958,0,0,151193979,255
1.00,0.01,0.00,0.06,-0.40,0.00,0.70424,-0.07753,-0.70122,-0.07957,0,0,151223800,255
1.00,0.01,-0.00,0.03,-0.49,0.03,0.70433,-0.07751,-0.70112,-0.07959,0,0,151253604,256
1.00,0.01,-0.00,0.03,-0.52,0.18,0.70434,-0.07749,-0.70112,-0.07963,0,0,151266387,256
1.00,0.01,-0.00,0.18,-0.37,-0.03,0.70431,-0.07749,-0.70115,-0.07963,0,0,151283476,254
1.00,0.01,0.00,0.09,-0.52,0.03,0.70426,-0.07749,-0.70119,-0.07966,0,0,151313394,256
1.00,0.00,-0.00,0.34,-0.64,0.24,0.70430,-0.07751,-0.70115,-0.07963,0,0,151326220,256
1.00,0.01,-0.00,0.06,-0.46,-0.12,0.70432,-0.07753,-0.70113,-0.07962,0,0,151347644,253
1.00,0.01,-0.01,0.15,-0.15,0.06,0.70433,-0.07754,-0.70112,-0.07962,0,0,151360450,256
1.00,0.01,0.00,0.03,-0.43,0.06,0.70439,-0.07753,-0.70106,-0.07965,0,0,151377524,257
1.00,0.01,-0.00,-0.09,-0.52,-0.06,0.70438,-0.07754,-0.70107,-0.07965,0,0,151390306,252
1.00,0.02,-0.00,0.12,-0.64,0.09,0.70438,-0.07749,-0.70106,-0.07972,0,0,151403203,256
1.00,0.01,-0.00,0.15,-0.40,-0.21,0.70437,-0.07749,-0.70107,-0.07972,0,0,151420272,252
1.00,0.02,0.01,0.00,-0.31,-0.27,0.70442,-0.07747,-0.70102,-0.07977,0,0,151437325,254
1.00,0.01,-0.01,0.06,-0.58,-0.03,0.70436,-0.07747,-0.70107,-0.07977,0,0,151454359,254
0.99,0.01,-0.00,-0.12,-0.49,0.12,0.70435,-0.07746,-0.70109,-0.07980,0,0,151467202,254
1.00,0.01,-0.01,0.12,-0.52,-0.03,0.70438,-0.07750,-0.70106,-0.07975,0,0,151484206,253
1.00,0.01,0.00,0.12,-0.46,0.03,0.70442,-0.07749,-0.70102,-0.07977,0,0,151505506,256
1.00,0.01,-0.01,-0.03,-0.40,0.09,0.70440,-0.07749,-0.70104,-0.07978,0,0,151513990,253
1.00,0.00,-0.01,0.27,-0.58,0.15,0.70438,-0.07750,-0.70105,-0.07976,0,0,151522593,256
1.00,0.01,-0.00,0.18,-0.64,0.06,0.70439,-0.07749,-0.70104,-0.07976,0,0,151531096,257
1.00,0.01,0.00,-0.03,-0.52,0.00,0.70439,-0.07750,-0.70105,-0.07976,0,0,151539643,253
1.00,0.01,-0.01,0.21,-0.58,-0.03,0.70438,-0.07749,-0.70106,-0.07977,0,0,151548243,252
1.00,0.01,-0.01,0.09,-0.55,-0.12,0.70436,-0.07746,-0.70108,-0.07980,0,0,151556795,252
1.00,0.01,0.01,0.00,-0.49,-0.06,0.70439,-0.07747,-0.70104,-0.07980,0,0,151565323,253
0.99,0.00,-0.00,0.09,-0.46,0.06,0.70438,-0.07750,-0.70106,-0.07977,0,0,151573890,256
1.00,0.00,-0.01,0.12,-0.31,0.03,0.70436,-0.07751,-0.70108,-0.07975,0,0,151582446,256
1.00,0.01,0.00,0.12,-0.43,0.18,0.70438,-0.07751,-0.70106,-0.07976,0,0,151590926,256
0.99,0.01,-0.01,0.21,-0.58,0.00,0.70433,-0.07752,-0.70110,-0.07975,0,0,151599439,256
1.00,0.01,0.00,0.15,-0.46,0.24,0.70433,-0.07752,-0.70110,-0.07976,0,0,151607981,255
1.00,0.01,-0.01,-0.03,-0.43,-0.09,0.70433,-0.07753,-0.70111,-0.07976,0,0,151616516,254
0.99,0.00,-0.00,0.03,-0.31,-0.09,0.70435,-0.07755,-0.70108,-0.07976,0,0,151625088,254
1.00,0.01,0.00,0.12,-0.24,0.00,0.70435,-0.07753,-0.70108,-0.07978,0,0,151633631,256
1.00,0.00,0.00,-0.06,-0.46,-0.06,0.70437,-0.07756,-0.70106,-0.07977,0,0,151642083,253
1.00,0.01,0.00,0.15,-0.46,0.00,0.70438,-0.07754,-0.70105,-0.07977,0,0,151650610,256
1.00,0.01,0.01,0.03,-0.46,0.12,0.70443,-0.07756,-0.70100,-0.07976,0,0,151659046,255
1.00,0.01,-0.01,0.31,-0.64,0.12,0.70439,-0.07756,-0.70104,-0.07976,0,0,151667600,255
1.00,0.01,-0.01,0.18,-0.49,0.03,0.70438,-0.07758,-0.70105,-0.07975,0,0,151676105,257
1.00,0.00,-0.00,0.18,-0.67,0.00,0.70436,-0.07757,-0.70107,-0.07976,0,0,151684651,256
1.00,0.01,0.00,-0.09,-0.31,-0.03,0.70439,-0.07759,-0.70104,-0.07975,0,0,151693088,255
1.00,0.01,0.00,0.09,-0.34,-0.06,0.70440,-0.07760,-0.70103,-0.07975,0,0,151701644,253
1.00,0.01,-0.00,0.12,-0.46,-0.03,0.70437,-0.07759,-0.70106,-0.07977,0,0,151710248,252
1.00,0.01,0.01,0.09,-0.43,-0.18,0.70439,-0.07758,-0.70104,-0.07979,0,0,151718754,253
1.00,0.01,0.00,0.12,-0.21,-0.15,0.70440,-0.07756,-0.70102,-0.07981,0,0,151727327,253
1.00,0.01,0.00,0.00,-0.55,0.12,0.70441,-0.07756,-0.70101,-0.07982,0,0,151735886,256
1.00,0.01,-0.00,-0.06,-0.49,0.15,0.70443,-0.07757,-0.70100,-0.07982,0,0,151744389,254
1.00,0.02,-0.00,0.27,-0.55,-0.15,0.70443,-0.07753,-0.70099,-0.07986,0,0,151752898,254
1.00,0.00,-0.01,0.15,-0.46,-0.09,0.70442,-0.07755,-0.70101,-0.07984,0,0,151761490,254
0.99,0.01,-0.01,0.12,-0.37,0.00,0.70441,-0.07756,-0.70102,-0.07984,0,0,151770010,254
1.00,0.00,0.00,0.00,-0.43,0.03,0.70439,-0.07757,-0.70103,-0.07983,0,0,151778600,256
1.00,-0.00,0.00,-0.03,-0.61,-0.06,0.70432,-0.07761,-0.70110,-0.07980,0,0,151795610,253
1.00,0.01,0.01,0.00,-0.64,0.06,0.70433,-0.07762,-0.70109,-0.07980,0,0,151804159,256
0.99,0.01,-0.01,0.12,-0.61,-0.24,0.70427,-0.07761,-0.70116,-0.07980,0,0,151812610,253
1.00,0.01,0.00,0.09,-0.43,-0.09,0.70428,-0.07761,-0.70114,-0.07981,0,0,151821162,253
1.00,0.01,-0.00,0.03,-0.46,0.15,0.70428,-0.07759,-0.70114,-0.07983,0,0,151833981,255
1.00,0.01,-0.01,0.27,-0.31,-0.06,0.70428,-0.07761,-0.70114,-0.07981,0,0,151842529,255
1.00,0.01,-0.01,0.03,-0.31,-0.21,0.70428,-0.07760,-0.70114,-0.07983,0,0,151851093,254
1.00,0.01,-0.00,0.09,-0.55,0.27,0.70426,-0.07762,-0.70115,-0.07981,0,0,151859649,255
1.00,0.01,-0.01,0.24,-0.46,0.03,0.70425,-0.07764,-0.70116,-0.07980,0,0,151868238,255
1.00,0.01,-0.00,0.18,-0.64,0.00,0.70426,-0.07762,-0.70116,-0.07983,0,0,151876707,257
0.99,0.01,-0.01,0.15,-0.43,-0.06,0.70425,-0.07763,-0.70116,-0.07982,0,0,151885285,252
1.00,0.01,0.00,0.12,-0.52,0.00,0.70426,-0.07766,-0.70116,-0.07979,0,0,151893817,254
1.00,0.00,-0.00,0.00,-0.58,0.03,0.70426,-0.07766,-0.70115,-0.07980,0,0,151902324,256
1.00,0.01,-0.01,0.15,-0.27,0.15,0.70424,-0.07768,-0.70118,-0.07979,0,0,151910850,255
0.99,0.01,-0.01,0.00,-0.67,-0.09,0.70423,-0.07770,-0.70119,-0.07977,0,0,151919385,254
1.00,0.01,0.00,0.06,-0.61,0.18,0.70425,-0.07771,-0.70117,-0.07978,0,0,151927894,256
1.00,0.01,0.00,0.12,-0.49,-0.09,0.70426,-0.07769,-0.70115,-0.07980,0,0,151936319,254
1.00,0.01,0.00,-0.03,-0.46,0.21,0.70429,-0.07770,-0.70112,-0.07980,0,0,151949089,254
1.00,0.01,-0.00,0.09,-0.58,-0.03,0.70426,-0.07769,-0.70115,-0.07981,0,0,151957635,253
1.00,0.01,0.00,0.06,-0.70,-0.03,0.70424,-0.07770,-0.70117,-0.07981,0,0,151966221,254
0.99,0.01,-0.00,0.18,-0.34,-0.09,0.70423,-0.07768,-0.70118,-0.07982,0,0,151974756,254
1.00,0.01,-0.00,0.15,-0.34,0.00,0.70422,-0.07768,-0.70119,-0.07983,0,0,151983325,256
1.00,0.01,0.00,0.27,-0.55,0.03,0.70426,-0.07764,-0.70115,-0.07987,0,0,151991836,254
1.00,0.01,-0.01,0.09,-0.40,0.15,0.70426,-0.07765,-0.70115,-0.07987,0,0,152000327,256
1.00,0.01,0.00,0.00,-0.55,0.06,0.70426,-0.07766,-0.70114,-0.07987,0,0,152021654,256
1.00,0.01,-0.00,-0.03,-0.52,-0.06,0.70426,-0.07766,-0.70115,-0.07988,0,0,152030196,253
1.00,0.01,-0.01,0.15,-0.61,-0.12,0.70424,-0.07766,-0.70117,-0.07988,0,0,152038777,252
1.00,0.01,0.01,0.34,-0.46,0.12,0.70425,-0.07767,-0.70115,-0.07986,0,0,152047366,255
1.00,0.01,-0.00,0.12,-0.43,0.06,0.70425,-0.07768,-0.70115,-0.07986,0,0,152055865,255
1.00,0.01,-0.00,0.12,-0.52,-0.09,0.70424,-0.07767,-0.70116,-0.07987,0,0,152064393,254
1.00,0.01,-0.00,0.15,-0.55,-0.03,0.70425,-0.07767,-0.70115,-0.07988,0,0,152072951,253
1.00,0.01,0.00,0.24,-0.43,-0.18,0.70428,-0.07766,-0.70112,-0.07989,0,0,152081484,254
1.00,0.01,0.00,-0.06,-0.27,0.09,0.70428,-0.07766,-0.70112,-0.07990,0,0,152090052,254
0.99,0.01,-0.00,0.12,-0.76,0.09,0.70425,-0.07767,-0.70115,-0.07989,0,0,152098606,256
1.00,0.01,-0.00,-0.03,-0.52,0.03,0.70424,-0.07767,-0.70116,-0.07991,0,0,152107096,254
1.00,0.02,0.00,-0.03,-0.46,0.06,0.70425,-0.07765,-0.70116,-0.07993,0,0,152115662,254
1.00,0.01,-0.01,-0.06,-0.43,-0.09,0.70421,-0.07764,-0.70119,-0.07994,0,0,152124286,251
1.00,0.01,-0.00,0.21,-0.52,0.27,0.70419,-0.07765,-0.70122,-0.07993,0,0,152132828,254
0.99,0.01,-0.00,0.00,-0.49,-0.09,0.70418,-0.07766,-0.70122,-0.07994,0,0,152141332,254
1.00,0.01,-0.01,0.24,-0.46,-0.03,0.70416,-0.07766,-0.70124,-0.07994,0,0,152149892,253
1.00,0.01,-0.00,0.24,-0.52,0.06,0.70418,-0.07763,-0.70122,-0.07995,0,0,152158433,256
1.00,0.00,-0.00,0.09,-0.43,-0.21,0.70418,-0.07765,-0.70122,-0.07994,0,0,152166928,252
1.00,0.01,-0.01,0.09,-0.55,0.18,0.70416,-0.07764,-0.70124,-0.07996,0,0,152175520,257
1.00,0.01,0.00,0.12,-0.49,-0.03,0.70416,-0.07762,-0.70124,-0.07997,0,0,152184047,254
1.00,0.01,0.01,0.03,-0.34,0.12,0.70418,-0.07763,-0.70122,-0.07998,0,0,152192610,255
1.00,0.01,-0.01,0.03,-0.52,-0.03,0.70420,-0.07763,-0.70120,-0.07998,0,0,152201047,253
1.00,0.01,-0.01,0.09,-0.27,-0.03,0.70419,-0.07764,-0.70121,-0.07998,0,0,152209635,253
1.00,0.01,0.00,0.09,-0.34,0.00,0.70420,-0.07763,-0.70120,-0.08000,0,0,152218218,256
1.00,0.00,0.00,0.09,-0.34,-0.06,0.70423,-0.07765,-0.70117,-0.07998,0,0,152226655,253
0.99,0.01,-0.00,0.00,-0.46,-0.03,0.70421,-0.07767,-0.70118,-0.07997,0,0,152235242,252
1.00,0.01,-0.00,0.06,-0.46,0.00,0.70418,-0.07768,-0.70122,-0.07996,0,0,152243778,255
1.00,0.00,0.00,0.12,-0.43,0.06,0.70418,-0.07771,-0.70122,-0.07994,0,0,152252312,254
1.00,0.01,-0.00,0.00,-0.49,-0.06,0.70420,-0.07770,-0.70120,-0.07996,0,0,152260702,255
1.00,0.01,-0.00,0.09,-0.58,0.00,0.70419,-0.07771,-0.70120,-0.07995,0,0,152269266,254
1.00,0.01,-0.00,-0.03,-0.40,-0.03,0.70419,-0.07770,-0.70120,-0.07997,0,0,152277710,255
1.00,-0.00,-0.00,0.03,-0.55,0.03,0.70419,-0.07774,-0.70120,-0.07993,0,0,152286288,252
1.00,0.01,-0.01,0.21,-0.52,0.00,0.70416,-0.07774,-0.70123,-0.07994,0,0,152299085,257
1.00,0.01,0.00,0.03,-0.49,0.12,0.70417,-0.07775,-0.70122,-0.07994,0,0,152316110,257
1.00,0.01,-0.01,0.27,-0.49,0.12,0.70411,-0.07772,-0.70127,-0.07997,0,0,152337431,256
1.00,0.01,-0.00,0.03,-0.49,0.00,0.70414,-0.07774,-0.70125,-0.07996,0,0,152350230,256
1.00,0.01,0.01,0.21,-0.34,-0.09,0.70418,-0.07774,-0.70121,-0.07996,0,0,152358710,254
1.00,0.01,0.00,0.18,-0.49,-0.06,0.70418,-0.07773,-0.70121,-0.07997,0,0,152367313,253
1.00,0.00,-0.00,-0.06,-0.46,-0.09,0.70419,-0.07775,-0.70119,-0.07998,0,0,152380199,254
0.99,0.01,0.01,-0.03,-0.52,-0.09,0.70420,-0.07773,-0.70118,-0.08001,0,0,152388716,254
1.00,0.01,-0.01,0.03,-0.61,-0.03,0.70419,-0.07771,-0.70119,-0.08004,0,0,152397239,252
1.00,0.01,-0.01,0.15,-0.55,-0.06,0.70417,-0.07769,-0.70121,-0.08006,0,0,152405746,254
1.00,0.01,-0.01,0.00,-0.58,-0.06,0.70416,-0.07768,-0.70122,-0.08008,0,0,152414358,253
0.99,0.01,-0.00,0.12,-0.37,0.00,0.70417,-0.07768,-0.70121,-0.08009,0,0,152422873,256
0.99,0.01,0.00,0.06,-0.58,-0.27,0.70418,-0.07767,-0.70120,-0.08010,0,0,152431328,253
1.00,0.01,0.00,0.00,-0.49,0.03,0.70423,-0.07766,-0.70115,-0.08011,0,0,152439825,255
1.00,0.01,-0.00,0.06,-0.58,0.15,0.70422,-0.07769,-0.70115,-0.08009,0,0,152448316,254
1.00,0.01,0.01,0.24,-0.70,0.00,0.70425,-0.07770,-0.70113,-0.08009,0,0,152456841,255
1.00,0.01,-0.00,0.06,-0.49,0.06,0.70422,-0.07771,-0.70116,-0.08008,0,0,152465359,256
1.00,0.01,-0.01,0.06,-0.52,0.06,0.70420,-0.07771,-0.70118,-0.08009,0,0,152473851,255
1.00,0.00,-0.00,0.15,-0.55,0.12,0.70418,-0.07774,-0.70120,-0.08006,0,0,152482361,256
1.00,0.01,-0.00,0.06,-0.37,0.03,0.70418,-0.07774,-0.70119,-0.08007,0,0,152490866,255
1.00,0.00,0.00,0.00,-0.43,-0.06,0.70420,-0.07775,-0.70118,-0.08006,0,0,152499363,253
1.00,0.01,-0.01,0.12,-0.21,-0.06,0.70419,-0.07775,-0.70119,-0.08007,0,0,152507929,252
0.99,0.01,-0.00,0.21,-0.46,-0.03,0.70417,-0.07772,-0.70120,-0.08009,0,0,152516523,255
0.99,0.00,0.01,0.09,-0.24,-0.03,0.70420,-0.07774,-0.70117,-0.08008,0,0,152525080,254
1.00,0.01,0.00,0.03,-0.61,-0.06,0.70422,-0.07776,-0.70115,-0.08006,0,0,152533618,253
1.00,0.01,-0.01,-0.06,-0.55,-0.06,0.70420,-0.07776,-0.70118,-0.08006,0,0,152542162,253
1.00,0.01,-0.01,-0.06,-0.55,-0.06,0.70416,-0.07778,-0.70122,-0.08006,0,0,152550682,253
1.00,0.01,-0.00,0.12,-0.49,-0.09,0.70415,-0.07777,-0.70122,-0.08008,0,0,152559315,252
1.00,0.01,0.00,0.06,-0.49,0.06,0.70417,-0.07777,-0.70120,-0.08008,0,0,152567873,256
1.00,0.01,-0.01,0.12,-0.06,0.12,0.70416,-0.07777,-0.70121,-0.08008,0,0,152576381,257
1.00,0.01,-0.01,0.12,-0.55,-0.18,0.70412,-0.07775,-0.70125,-0.08010,0,0,152584872,253
1.00,0.01,-0.00,0.15,-0.73,0.06,0.70413,-0.07775,-0.70124,-0.08010,0,0,152593417,255
1.00,0.01,0.00,0.06,-0.61,-0.06,0.70414,-0.07776,-0.70123,-0.08009,0,0,152601932,252
1.00,0.00,0.00,0.09,-0.61,0.00,0.70415,-0.07779,-0.70122,-0.08007,0,0,152610487,257
1.00,0.01,0.00,-0.06,-0.52,-0.03,0.70414,-0.07778,-0.70123,-0.08009,0,0,152618974,253
1.00,0.01,0.00,0.12,-0.31,0.15,0.70414,-0.07778,-0.70123,-0.08010,0,0,152627484,257
1.00,0.01,-0.00,0.06,-0.40,-0.06,0.70413,-0.07776,-0.70124,-0.08013,0,0,152635949,253
0.99,0.01,-0.01,0.21,-0.55,0.03,0.70410,-0.07775,-0.70126,-0.08014,0,0,152644561,255
1.00,0.01,-0.00,0.15,-0.37,-0.09,0.70413,-0.07772,-0.70124,-0.08016,0,0,152653041,252
1.00,0.00,0.00,0.18,-0.70,-0.27,0.70414,-0.07773,-0.70123,-0.08015,0,0,152661553,254
1.00,0.01,-0.00,0.15,-0.52,0.06,0.70411,-0.07773,-0.70125,-0.08015,0,0,152670105,257
1.00,0.01,-0.01,0.09,-0.55,-0.15,0.70406,-0.07773,-0.70130,-0.08015,0,0,152678618,253
1.00,0.00,-0.01,0.03,-0.70,0.00,0.70404,-0.07775,-0.70133,-0.08013,0,0,152687195,256
1.00,0.01,-0.00,0.03,-0.52,0.12,0.70402,-0.07776,-0.70134,-0.08014,0,0,152695702,256
1.00,0.01,0.00,0.03,-0.09,-0.09,0.70405,-0.07776,-0.70132,-0.08014,0,0,152704238,252
1.00,0.01,0.00,0.12,-0.34,0.06,0.70406,-0.07775,-0.70130,-0.08015,0,0,152712792,255
1.00,0.01,0.01,0.21,-0.52,-0.21,0.70409,-0.07775,-0.70127,-0.08016,0,0,152721328,253
1.00,0.01,-0.00,0.09,-0.43,-0.06,0.70409,-0.07773,-0.70128,-0.08018,0,0,152729864,253
1.00,0.01,-0.00,0.09,-0.64,0.00,0.70409,-0.07774,-0.70128,-0.08017,0,0,152734166,256
1.00,0.01,-0.00,0.18,-0.76,0.00,0.70408,-0.07772,-0.70129,-0.08019,0,0,152738408,256
1.00,0.01,0.01,0.06,-0.46,0.12,0.70403,-0.07776,-0.70133,-0.08016,0,0,152772560,256
1.00,0.01,-0.00,-0.06,-0.70,-0.09,0.70403,-0.07779,-0.70133,-0.08018,0,0,152815317,251
1.00,0.01,-0.00,0.06,-0.31,0.00,0.70402,-0.07778,-0.70134,-0.08019,0,0,152823880,256
1.00,0.01,-0.01,0.18,-0.21,0.03,0.70398,-0.07779,-0.70138,-0.08018,0,0,152832375,255
1.00,0.01,-0.00,-0.03,-0.37,0.09,0.70398,-0.07778,-0.70137,-0.08020,0,0,152840871,253
0.99,0.01,0.00,0.09,-0.49,-0.15,0.70400,-0.07779,-0.70136,-0.08020,0,0,152849434,254
1.00,0.01,0.00,0.12,-0.40,-0.06,0.70401,-0.07781,-0.70135,-0.08019,0,0,152857989,253
1.00,0.01,-0.00,0.00,-0.61,-0.15,0.70402,-0.07781,-0.70133,-0.08019,0,0,152866595,253
1.00,0.01,-0.00,0.09,-0.67,-0.06,0.70403,-0.07780,-0.70133,-0.08021,0,0,152875199,254
1.00,0.00,-0.01,0.06,-0.46,0.12,0.70402,-0.07784,-0.70134,-0.08018,0,0,152888011,255
1.00,0.01,0.00,0.09,-0.27,-0.18,0.70404,-0.07784,-0.70131,-0.08019,0,0,152896506,254
1.00,0.01,-0.01,0.06,-0.24,0.09,0.70402,-0.07783,-0.70133,-0.08020,0,0,152904975,255
1.00,0.01,-0.01,0.06,-0.27,0.00,0.70402,-0.07786,-0.70133,-0.08018,0,0,152913487,257
1.00,0.01,0.00,0.12,-0.55,-0.09,0.70406,-0.07790,-0.70128,-0.08017,0,0,152939049,254
1.00,0.01,-0.00,0.21,-0.49,-0.06,0.70410,-0.07790,-0.70125,-0.08016,0,0,152951756,254
1.00,0.01,-0.00,0.03,-0.31,0.00,0.70411,-0.07789,-0.70124,-0.08018,0,0,152964599,256
1.00,0.00,-0.01,0.06,-0.37,0.06,0.70410,-0.07789,-0.70125,-0.08019,0,0,152973107,257
1.00,0.01,-0.00,0.15,-0.40,0.12,0.70409,-0.07790,-0.70125,-0.08019,0,0,152981650,256
1.00,0.01,0.01,0.18,-0.37,0.12,0.70410,-0.07792,-0.70125,-0.08018,0,0,153007286,254
1.00,0.00,-0.01,0.00,-0.37,-0.09,0.70410,-0.07795,-0.70124,-0.08016,0,0,153015695,254
1.00,0.01,-0.00,-0.03,-0.46,-0.06,0.70409,-0.07795,-0.70125,-0.08017,0,0,153024273,252
1.00,0.01,-0.00,0.09,-0.58,0.06,0.70409,-0.07794,-0.70125,-0.08019,0,0,153032815,255
1.00,0.00,-0.01,-0.06,-0.49,-0.09,0.70407,-0.07795,-0.70127,-0.08018,0,0,153041358,254
1.00,0.01,-0.00,0.15,-0.37,0.12,0.70406,-0.07796,-0.70128,-0.08018,0,0,153049916,256
0.99,0.00,0.00,0.00,-0.37,-0.06,0.70406,-0.07799,-0.70128,-0.08017,0,0,153058480,253
0.99,0.01,0.00,0.12,-0.37,0.21,0.70407,-0.07800,-0.70127,-0.08016,0,0,153067048,254
0.99,0.01,-0.01,0.12,-0.37,0.03,0.70406,-0.07800,-0.70127,-0.08017,0,0,153075600,255
1.00,0.01,-0.01,0.06,-0.43,-0.03,0.70406,-0.07799,-0.70128,-0.08018,0,0,153084045,254
1.00,0.01,0.00,0.03,-0.58,0.06,0.70409,-0.07797,-0.70124,-0.08021,0,0,153092577,256
1.00,0.01,-0.01,-0.03,-0.73,0.12,0.70407,-0.07798,-0.70126,-0.08021,0,0,153101076,253
1.00,0.01,-0.00,0.09,-0.49,-0.06,0.70407,-0.07800,-0.70126,-0.08020,0,0,153109648,254
1.00,0.01,-0.01,-0.06,-0.52,0.15,0.70408,-0.07802,-0.70125,-0.08019,0,0,153118109,255
1.00,0.01,-0.01,0.15,-0.24,-0.21,0.70407,-0.07802,-0.70126,-0.08019,0,0,153126654,253
0.99,0.01,0.00,0.21,-0.27,0.12,0.70408,-0.07800,-0.70125,-0.08021,0,0,153135271,254
1.01,0.00,-0.00,0.09,-0.52,-0.03,0.70408,-0.07803,-0.70126,-0.08018,0,0,153143752,254
1.00,0.00,-0.00,0.06,-0.58,0.06,0.70408,-0.07804,-0.70125,-0.08018,0,0,153152353,256
1.00,0.00,-0.01,0.06,-0.82,-0.09,0.70408,-0.07806,-0.70125,-0.08016,0,0,153160845,253
1.00,0.00,0.00,0.18,-0.43,-0.12,0.70408,-0.07806,-0.70125,-0.08016,0,0,153169373,253
1.00,0.01,-0.00,0.15,-0.49,0.31,0.70408,-0.07807,-0.70125,-0.08016,0,0,153177915,256
1.00,0.01,-0.01,0.15,-0.43,0.00,0.70408,-0.07805,-0.70125,-0.08018,0,0,153186476,256
1.00,0.00,-0.01,0.03,-0.34,0.00,0.70408,-0.07806,-0.70125,-0.08018,0,0,153194989,255
1.01,0.01,-0.00,0.15,-0.52,0.12,0.70408,-0.07807,-0.70125,-0.08017,0,0,153203513,256
1.00,0.01,-0.00,0.18,-0.58,0.03,0.70407,-0.07806,-0.70126,-0.08018,0,0,153212034,255
1.00,0.01,-0.00,0.18,-0.43,0.27,0.70407,-0.07806,-0.70126,-0.08018,0,0,153220519,257
1.00,0.01,-0.00,0.15,-0.55,-0.09,0.70406,-0.07807,-0.70127,-0.08018,0,0,153229037,252
1.00,0.01,-0.01,-0.09,-0.37,-0.03,0.70405,-0.07808,-0.70128,-0.08018,0,0,153237607,253
1.00,0.01,-0.00,0.15,-0.40,-0.09,0.70403,-0.07808,-0.70129,-0.08018,0,0,153246222,253
1.00,0.01,-0.00,0.03,-0.06,-0.18,0.70405,-0.07808,-0.70128,-0.08019,0,0,153254749,254
1.00,0.01,-0.01,0.37,-0.46,0.12,0.70404,-0.07806,-0.70128,-0.08019,0,0,153263331,254
1.00,0.01,0.00,-0.09,-0.31,-0.06,0.70405,-0.07807,-0.70128,-0.08019,0,0,153271826,252
1.00,0.01,-0.00,0.06,-0.27,-0.15,0.70404,-0.07809,-0.70129,-0.08018,0,0,153280375,253
1.00,0.00,-0.00,0.09,-0.31,0.00,0.70405,-0.07810,-0.70128,-0.08017,0,0,153288949,255
1.00,0.00,-0.00,0.03,-0.40,-0.12,0.70404,-0.07814,-0.70128,-0.08016,0,0,153310328,253
1.00,0.01,-0.01,0.09,-0.55,0.03,0.70404,-0.07815,-0.70128,-0.08015,0,0,153318834,254
1.00,0.01,-0.00,0.15,-0.27,0.00,0.70404,-0.07815,-0.70128,-0.08015,0,0,153327374,256
0.99,0.01,-0.01,0.09,-0.52,-0.18,0.70401,-0.07816,-0.70131,-0.08015,0,0,153335863,253
1.00,0.01,-0.01,0.06,-0.61,-0.15,0.70400,-0.07816,-0.70133,-0.08015,0,0,153344448,253
1.00,0.01,-0.01,-0.06,-0.58,0.24,0.70399,-0.07815,-0.70133,-0.08017,0,0,153352921,253
0.99,0.01,-0.00,-0.03,-0.31,0.00,0.70398,-0.07814,-0.70134,-0.08018,0,0,153361520,254
1.00,0.01,0.00,0.21,-0.46,0.06,0.70400,-0.07815,-0.70132,-0.08017,0,0,153370051,256
1.00,0.00,-0.00,0.15,-0.58,0.09,0.70401,-0.07815,-0.70131,-0.08017,0,0,153378514,256
1.00,0.01,-0.00,0.06,-0.49,-0.06,0.70400,-0.07815,-0.70132,-0.08019,0,0,153387042,252
1.00,0.01,0.00,0.15,-0.43,-0.03,0.70399,-0.07815,-0.70132,-0.08018,0,0,153395599,253
1.00,0.01,-0.00,0.27,-0.31,-0.12,0.70402,-0.07814,-0.70130,-0.08019,0,0,153404081,254
1.00,0.01,-0.00,0.09,-0.43,-0.03,0.70400,-0.07815,-0.70132,-0.08018,0,0,153412661,254
1.00,0.01,0.00,0.31,-0.52,-0.15,0.70404,-0.07815,-0.70128,-0.08019,0,0,153421271,252
1.00,0.01,0.00,0.24,-0.37,0.09,0.70407,-0.07814,-0.70125,-0.08020,0,0,153429823,254
1.00,0.01,-0.01,0.03,-0.40,0.09,0.70405,-0.07814,-0.70127,-0.08020,0,0,153438362,256
1.00,0.01,-0.00,0.09,-0.64,-0.06,0.70404,-0.07814,-0.70127,-0.08022,0,0,153446890,253
1.00,0.01,-0.00,0.27,-0.55,0.03,0.70402,-0.07814,-0.70129,-0.08021,0,0,153455455,256
1.00,0.01,-0.00,0.15,-0.52,-0.03,0.70405,-0.07814,-0.70127,-0.08022,0,0,153463973,253
1.00,0.01,-0.00,0.03,-0.40,-0.03,0.70404,-0.07813,-0.70127,-0.08023,0,0,153472527,255
1.00,0.01,0.00,0.24,-0.27,-0.06,0.70406,-0.07813,-0.70125,-0.08024,0,0,153481090,254
1.00,0.01,0.01,0.31,-0.61,-0.12,0.70409,-0.07812,-0.70123,-0.08025,0,0,153489630,253
1.00,0.01,0.00,0.12,-0.52,0.06,0.70409,-0.07810,-0.70122,-0.08027,0,0,153498242,256
1.00,0.01,-0.01,0.21,-0.58,0.00,0.70407,-0.07812,-0.70124,-0.08025,0,0,153510949,255
1.00,0.01,-0.00,0.09,-0.49,0.03,0.70408,-0.07813,-0.70123,-0.08025,0,0,153519476,256
1.00,0.01,-0.01,0.15,-0.55,-0.03,0.70407,-0.07812,-0.70125,-0.08026,0,0,153527956,253
1.01,0.00,-0.01,0.31,-0.43,0.18,0.70405,-0.07813,-0.70126,-0.08024,0,0,153536560,256
1.00,0.01,-0.00,0.12,-0.49,0.06,0.70406,-0.07812,-0.70126,-0.08026,0,0,153549387,257
1.00,0.01,-0.00,0.18,-0.31,-0.15,0.70405,-0.07813,-0.70126,-0.08026,0,0,153557897,254
1.00,0.01,-0.00,0.09,-0.37,0.00,0.70405,-0.07814,-0.70126,-0.08024,0,0,153566487,257
1.00,0.01,0.00,0.00,-0.55,-0.09,0.70406,-0.07816,-0.70125,-0.08023,0,0,153575013,252
1.00,0.01,-0.01,0.03,-0.58,0.15,0.70406,-0.07816,-0.70125,-0.08024,0,0,153583610,255
1.01,0.01,-0.00,0.09,-0.43,0.09,0.70406,-0.07814,-0.70125,-0.08026,0,0,153596482,255
1.00,0.01,-0.00,0.06,-0.24,-0.09,0.70407,-0.07815,-0.70124,-0.08026,0,0,153604966,253
1.00,0.00,-0.00,0.21,-0.37,-0.06,0.70406,-0.07816,-0.70125,-0.08025,0,0,153613526,255
0.99,0.01,-0.00,-0.03,-0.46,0.09,0.70406,-0.07818,-0.70125,-0.08024,0,0,153622088,254
1.00,0.01,0.00,0.06,-0.61,-0.12,0.70406,-0.07819,-0.70124,-0.08024,0,0,153630656,254
1.00,0.01,-0.00,0.15,-0.46,-0.15,0.70404,-0.07816,-0.70126,-0.08026,0,0,153639242,252
1.00,0.01,-0.00,0.15,-0.40,-0.03,0.70408,-0.07814,-0.70122,-0.08028,0,0,153647801,253
1.00,0.01,-0.00,0.12,-0.64,-0.06,0.70407,-0.07814,-0.70124,-0.08028,0,0,153656366,253
0.99,0.01,0.00,0.18,-0.55,0.06,0.70410,-0.07814,-0.70121,-0.08028,0,0,153664917,256
1.00,0.00,-0.00,0.03,-0.58,0.06,0.70408,-0.07817,-0.70123,-0.08026,0,0,153673413,256
0.99,0.01,0.00,0.24,-0.31,0.09,0.70407,-0.07817,-0.70124,-0.08026,0,0,153681917,256
1.00,0.01,0.00,-0.09,-0.49,-0.03,0.70408,-0.07816,-0.70123,-0.08028,0,0,153690408,254
1.00,0.01,-0.00,-0.03,-0.52,0.12,0.70409,-0.07816,-0.70121,-0.08028,0,0,153698916,254
1.00,0.01,-0.01,0.06,-0.46,0.06,0.70407,-0.07817,-0.70124,-0.08029,0,0,153707515,256
1.00,0.01,-0.00,-0.15,-0.55,0.09,0.70405,-0.07818,-0.70125,-0.08029,0,0,153716039,253
1.00,0.01,-0.01,0.00,-0.31,-0.15,0.70404,-0.07819,-0.70126,-0.08029,0,0,153724601,253
0.99,0.01,0.00,0.27,-0.61,-0.03,0.70407,-0.07817,-0.70124,-0.08029,0,0,153733102,254
1.00,0.01,-0.01,0.09,-0.43,0.00,0.70404,-0.07818,-0.70126,-0.08028,0,0,153741691,256
1.01,0.01,0.01,0.00,-0.46,0.18,0.70407,-0.07819,-0.70124,-0.08028,0,0,153750275,254
1.00,0.01,-0.00,0.06,-0.34,0.00,0.70409,-0.07818,-0.70121,-0.08031,0,0,153758753,256
0.99,0.01,-0.01,0.06,-0.64,-0.09,0.70407,-0.07818,-0.70123,-0.08031,0,0,153767334,252
1.00,0.01,0.00,0.15,-0.43,0.09,0.70409,-0.07819,-0.70121,-0.08031,0,0,153775836,254
1.00,0.01,0.00,0.18,-0.43,0.09,0.70409,-0.07820,-0.70121,-0.08029,0,0,153784354,256
1.00,0.01,0.00,0.27,-0.46,-0.12,0.70410,-0.07820,-0.70120,-0.08029,0,0,153792840,253
1.00,0.00,-0.01,0.06,-0.12,0.06,0.70406,-0.07820,-0.70124,-0.08030,0,0,153805654,257
1.00,0.01,-0.00,0.18,-0.40,-0.15,0.70409,-0.07818,-0.70121,-0.08032,0,0,153814087,254
1.00,0.01,-0.01,0.09,-0.34,0.06,0.70406,-0.07818,-0.70124,-0.08032,0,0,153822623,255
0.99,0.01,0.00,0.24,-0.49,-0.06,0.70407,-0.07817,-0.70123,-0.08033,0,0,153831053,254
1.00,0.00,0.00,0.03,-0.43,0.09,0.70409,-0.07820,-0.70121,-0.08031,0,0,153839610,256
1.00,0.01,-0.01,0.06,-0.40,0.09,0.70408,-0.07820,-0.70122,-0.08032,0,0,153848091,257
1.00,0.01,-0.00,-0.06,-0.43,-0.27,0.70409,-0.07819,-0.70121,-0.08033,0,0,153856632,253
0.99,0.01,0.00,0.24,-0.52,-0.18,0.70411,-0.07819,-0.70119,-0.08033,0,0,153865224,253
1.00,0.01,-0.00,0.09,-0.58,0.03,0.70411,-0.07817,-0.70118,-0.08035,0,0,153873780,254
0.99,0.00,-0.01,0.06,-0.43,0.09,0.70411,-0.07819,-0.70119,-0.08033,0,0,153882325,255
0.99,0.01,-0.00,0.12,-0.34,0.06,0.70411,-0.07818,-0.70119,-0.08034,0,0,153895090,256
1.00,0.01,0.00,0.09,-0.52,0.03,0.70412,-0.07819,-0.70118,-0.08034,0,0,153903608,255
1.00,0.01,0.00,0.00,-0.43,-0.03,0.70414,-0.07819,-0.70115,-0.08035,0,0,153916361,253
1.00,0.01,-0.00,0.27,-0.40,0.00,0.70414,-0.07818,-0.70116,-0.08035,0,0,153924919,256
0.99,0.01,-0.01,0.21,-0.55,-0.12,0.70413,-0.07819,-0.70116,-0.08034,0,0,153937688,253
1.00,0.00,-0.00,0.03,-0.67,-0.06,0.70414,-0.07822,-0.70115,-0.08032,0,0,153946221,254
1.00,0.00,0.00,0.12,-0.58,-0.12,0.70414,-0.07821,-0.70116,-0.08034,0,0,153954713,254
1.01,0.01,-0.00,-0.03,-0.55,-0.12,0.70412,-0.07821,-0.70118,-0.08035,0,0,153963329,252
1.00,0.01,-0.00,0.31,-0.52,0.21,0.70412,-0.07821,-0.70117,-0.08035,0,0,153971893,255
1.00,0.01,0.00,0.15,-0.52,0.06,0.70414,-0.07820,-0.70115,-0.08036,0,0,153980445,256
1.00,0.01,-0.01,0.18,-0.46,-0.09,0.70412,-0.07821,-0.70118,-0.08036,0,0,153988894,253
1.00,0.01,-0.00,0.15,-0.46,-0.06,0.70410,-0.07819,-0.70119,-0.08037,0,0,153997454,253
0.99,0.01,-0.00,0.06,-0.67,0.12,0.70410,-0.07820,-0.70119,-0.08037,0,0,154006019,254
1.00,0.01,-0.01,0.03,-0.55,-0.15,0.70406,-0.07820,-0.70124,-0.08038,0,0,154014533,255
1.00,0.01,0.01,-0.06,-0.55,-0.09,0.70409,-0.07820,-0.70120,-0.08038,0,0,154023089,255
1.00,0.01,0.00,0.15,-0.40,0.12,0.70409,-0.07822,-0.70120,-0.08037,0,0,154031606,256
1.01,0.01,-0.00,0.12,-0.55,-0.03,0.70410,-0.07821,-0.70119,-0.08038,0,0,154040043,252
1.00,0.01,0.00,-0.03,-0.40,-0.15,0.70411,-0.07820,-0.70118,-0.08040,0,0,154048641,253
0.99,0.01,0.00,0.06,-0.40,-0.09,0.70410,-0.07820,-0.70119,-0.08040,0,0,154057209,254
1.00,0.01,-0.00,0.21,-0.40,0.00,0.70411,-0.07823,-0.70118,-0.08038,0,0,154065711,257
0.99,0.01,-0.01,0.21,-0.43,0.09,0.70408,-0.07824,-0.70121,-0.08036,0,0,154074255,256
1.00,0.01,0.00,-0.09,-0.46,-0.12,0.70410,-0.07824,-0.70119,-0.08037,0,0,154082751,254
0.99,0.01,0.00,0.27,-0.64,-0.03,0.70410,-0.07825,-0.70119,-0.08037,0,0,154091306,252
1.00,0.01,-0.00,0.15,-0.31,-0.03,0.70410,-0.07825,-0.70119,-0.08036,0,0,154099834,253
1.00,0.01,-0.00,0.00,-0.55,-0.03,0.70409,-0.07826,-0.70120,-0.08036,0,0,154108358,254
1.00,0.01,-0.01,-0.09,-0.46,-0.15,0.70405,-0.07826,-0.70124,-0.08037,0,0,154121196,254
1.00,0.01,-0.01,0.03,-0.46,0.03,0.70402,-0.07824,-0.70126,-0.08041,0,0,154129755,256
1.00,0.01,-0.00,0.18,-0.49,0.31,0.70401,-0.07824,-0.70128,-0.08040,0,0,154138303,254
1.00,0.01,0.01,0.00,-0.49,-0.03,0.70404,-0.07825,-0.70124,-0.08041,0,0,154146811,253
1.00,0.01,0.00,-0.06,-0.34,0.06,0.70407,-0.07825,-0.70121,-0.08042,0,0,154155359,253
1.00,0.01,-0.01,0.00,-0.46,0.06,0.70405,-0.07824,-0.70123,-0.08043,0,0,154163923,256
1.00,0.01,-0.00,0.00,-0.34,-0.09,0.70405,-0.07823,-0.70122,-0.08045,0,0,154172481,254
1.00,0.01,0.00,0.21,-0.52,-0.15,0.70406,-0.07822,-0.70122,-0.08045,0,0,154181004,253
0.99,0.01,-0.01,0.15,-0.43,-0.03,0.70404,-0.07824,-0.70124,-0.08044,0,0,154189599,253
1.00,0.01,-0.00,0.03,-0.34,0.00,0.70402,-0.07825,-0.70126,-0.08043,0,0,154198105,257
1.00,0.01,0.01,0.18,-0.43,-0.09,0.70406,-0.07825,-0.70122,-0.08044,0,0,154206653,253
1.00,0.01,0.00,-0.09,-0.43,-0.12,0.70405,-0.07827,-0.70123,-0.08044,0,0,154215242,252
1.00,0.01,0.00,0.06,-0.61,-0.12,0.70404,-0.07828,-0.70123,-0.08043,0,0,154223754,254
1.00,0.01,-0.00,0.09,-0.61,-0.06,0.70404,-0.07829,-0.70123,-0.08044,0,0,154232323,253
1.00,0.01,0.01,0.00,-0.55,0.00,0.70406,-0.07829,-0.70121,-0.08044,0,0,154240848,256
1.00,0.01,0.00,0.15,-0.61,0.00,0.70409,-0.07828,-0.70119,-0.08046,0,0,154249324,256
1.00,0.01,-0.00,0.15,-0.52,0.00,0.70407,-0.07829,-0.70121,-0.08045,0,0,154257778,255
1.00,0.02,0.00,0.18,-0.34,0.03,0.70410,-0.07826,-0.70118,-0.08048,0,0,154266319,256
1.00,0.01,-0.01,0.18,-0.55,-0.06,0.70407,-0.07828,-0.70120,-0.08046,0,0,154274793,252
1.00,0.01,0.01,0.00,-0.58,0.12,0.70409,-0.07829,-0.70118,-0.08046,0,0,154283354,256
1.00,0.01,0.01,0.09,-0.52,-0.06,0.70411,-0.07827,-0.70116,-0.08048,0,0,154291844,253
1.00,0.00,-0.00,0.03,-0.49,-0.18,0.70410,-0.07829,-0.70117,-0.08047,0,0,154304646,254
1.00,0.01,-0.00,0.24,-0.52,0.00,0.70410,-0.07829,-0.70117,-0.08046,0,0,154313239,256
1.00,0.01,-0.00,0.34,-0.55,0.27,0.70411,-0.07828,-0.70117,-0.08046,0,0,154321709,256
1.00,0.00,-0.01,0.09,-0.61,0.06,0.70409,-0.07828,-0.70118,-0.08046,0,0,154330207,256
0.99,0.01,-0.00,0.03,-0.37,-0.09,0.70409,-0.07829,-0.70118,-0.08045,0,0,154338713,254
0.99,0.01,-0.00,0.12,-0.37,0.09,0.70408,-0.07827,-0.70119,-0.08047,0,0,154347300,254
0.99,0.01,-0.01,0.12,-0.55,-0.21,0.70407,-0.07827,-0.70120,-0.08048,0,0,154355718,254
1.00,0.01,-0.00,0.06,-0.46,0.15,0.70408,-0.07827,-0.70119,-0.08049,0,0,154364323,256
1.00,0.01,-0.01,0.27,-0.27,0.12,0.70408,-0.07827,-0.70119,-0.08049,0,0,154372843,255
0.99,0.01,0.00,0.06,-0.61,0.06,0.70409,-0.07827,-0.70118,-0.08049,0,0,154381332,256
1.00,0.01,-0.00,0.09,-0.64,0.03,0.70410,-0.07828,-0.70117,-0.08049,0,0,154389814,255
1.00,0.01,-0.00,0.12,-0.40,0.06,0.70408,-0.07827,-0.70119,-0.08050,0,0,154398326,256
1.00,0.01,-0.01,0.00,-0.40,-0.18,0.70408,-0.07826,-0.70119,-0.08051,0,0,154406759,255
1.00,0.01,-0.00,0.09,-0.31,0.06,0.70407,-0.07826,-0.70119,-0.08052,0,0,154415361,256
1.00,0.01,-0.00,0.12,-0.70,0.03,0.70405,-0.07825,-0.70121,-0.08053,0,0,154423844,255
1.00,0.01,0.00,0.09,-0.31,-0.18,0.70406,-0.07823,-0.70120,-0.08056,0,0,154432355,253
1.00,0.01,-0.00,0.09,-0.52,0.06,0.70407,-0.07822,-0.70120,-0.08057,0,0,154440898,257
1.01,0.01,-0.00,0.18,-0.43,-0.18,0.70409,-0.07823,-0.70118,-0.08056,0,0,154449390,254
1.00,-0.00,0.00,0.06,-0.76,-0.03,0.70410,-0.07827,-0.70116,-0.08052,0,0,154457861,253
1.00,0.00,-0.00,0.12,-0.31,0.12,0.70411,-0.07828,-0.70116,-0.08051,0,0,154466367,256
1.00,0.01,0.00,0.15,-0.46,0.15,0.70410,-0.07828,-0.70116,-0.08051,0,0,154474865,255
1.00,0.01,-0.01,0.21,-0.24,0.00,0.70408,-0.07828,-0.70118,-0.08050,0,0,154483329,256
0.99,0.01,-0.00,0.24,-0.43,-0.15,0.70406,-0.07827,-0.70121,-0.08052,0,0,154491869,252
1.00,0.01,-0.00,0.06,-0.64,-0.06,0.70407,-0.07828,-0.70120,-0.08051,0,0,154500477,253
1.00,0.01,-0.00,-0.03,-0.70,0.31,0.70408,-0.07828,-0.70119,-0.08051,0,0,154513324,253
1.00,0.01,-0.00,0.09,-0.64,0.12,0.70408,-0.07828,-0.70118,-0.08051,0,0,154521827,254
1.00,0.01,0.00,0.21,-0.58,-0.12,0.70410,-0.07827,-0.70117,-0.08052,0,0,154530314,253
1.00,0.00,-0.00,0.12,-0.70,-0.09,0.70408,-0.07829,-0.70118,-0.08051,0,0,154538876,253
0.99,0.01,-0.00,0.09,-0.49,-0.09,0.70410,-0.07829,-0.70116,-0.08051,0,0,154551749,254
1.00,0.01,-0.00,0.09,-0.58,-0.15,0.70410,-0.07830,-0.70117,-0.08051,0,0,154560324,253
1.00,0.01,-0.00,-0.09,-0.61,0.03,0.70409,-0.07830,-0.70117,-0.08053,0,0,154577440,253
1.00,0.00,0.00,0.09,-0.31,0.12,0.70410,-0.07833,-0.70116,-0.08050,0,0,154585999,255
1.00,0.01,-0.00,0.24,-0.40,0.15,0.70408,-0.07831,-0.70118,-0.08051,0,0,154594487,256
0.99,0.01,-0.00,0.24,-0.58,0.06,0.70408,-0.07830,-0.70119,-0.08052,0,0,154607272,254
1.00,0.01,-0.01,0.37,-0.49,-0.06,0.70408,-0.07830,-0.70119,-0.08052,0,0,154615749,255
1.00,0.01,-0.00,0.06,-0.58,-0.18,0.70408,-0.07831,-0.70118,-0.08052,0,0,154624351,253
1.00,0.01,-0.01,0.09,-0.49,0.09,0.70408,-0.07829,-0.70118,-0.08055,0,0,154632925,254
1.00,0.01,-0.01,0.21,-0.43,0.12,0.70410,-0.07829,-0.70116,-0.08055,0,0,154645691,256
1.00,0.01,0.00,0.18,-0.49,0.00,0.70413,-0.07829,-0.70113,-0.08055,0,0,154658483,257
1.01,0.01,0.00,0.06,-0.40,0.09,0.70411,-0.07831,-0.70115,-0.08055,0,0,154671316,254
1.00,0.01,-0.00,0.06,-0.61,-0.12,0.70410,-0.07832,-0.70116,-0.08055,0,0,154679827,252
1.00,0.00,-0.01,0.09,-0.55,0.12,0.70404,-0.07834,-0.70122,-0.08053,0,0,154688366,255
1.00,0.01,-0.00,0.18,-0.52,0.12,0.70405,-0.07836,-0.70120,-0.08051,0,0,154701077,256
1.00,0.01,-0.01,0.15,-0.49,0.00,0.70402,-0.07839,-0.70124,-0.08048,0,0,154709632,256
1.00,0.01,0.00,0.06,-0.52,-0.15,0.70403,-0.07840,-0.70122,-0.08048,0,0,154718105,254
0.99,0.01,-0.00,0.00,-0.49,0.18,0.70402,-0.07839,-0.70123,-0.08050,0,0,154726684,256
0.99,0.01,-0.01,-0.12,-0.49,0.03,0.70401,-0.07837,-0.70125,-0.08053,0,0,154739480,254
1.00,0.01,0.00,0.12,-0.64,0.06,0.70402,-0.07839,-0.70124,-0.08052,0,0,154747995,255
1.00,0.01,-0.00,0.15,-0.31,0.09,0.70401,-0.07841,-0.70125,-0.08050,0,0,154765053,256
1.00,0.01,-0.00,0.12,-0.58,0.09,0.70399,-0.07841,-0.70126,-0.08051,0,0,154777865,255
1.00,0.02,-0.00,0.06,-0.49,0.03,0.70399,-0.07839,-0.70126,-0.08053,0,0,154786387,256
1.00,0.01,-0.00,0.24,-0.49,0.03,0.70400,-0.07838,-0.70125,-0.08054,0,0,154794896,256
1.00,0.01,-0.00,0.09,-0.46,0.00,0.70398,-0.07839,-0.70127,-0.08055,0,0,154807688,256
1.00,0.01,0.00,0.12,-0.21,0.00,0.70400,-0.07838,-0.70125,-0.08056,0,0,154816211,256
1.00,0.00,0.00,0.15,-0.40,0.06,0.70401,-0.07840,-0.70124,-0.08055,0,0,154824650,256
0.99,0.01,-0.01,0.12,-0.55,0.03,0.70398,-0.07842,-0.70127,-0.08052,0,0,154833085,257
1.00,0.01,-0.00,0.21,-0.55,0.12,0.70398,-0.07841,-0.70127,-0.08053,0,0,154841631,256
1.00,0.01,-0.00,0.18,-0.40,0.27,0.70399,-0.07842,-0.70126,-0.08053,0,0,154850196,256
1.00,0.01,-0.00,0.00,-0.34,0.15,0.70397,-0.07840,-0.70128,-0.08055,0,0,154858663,256
1.00,0.01,0.00,-0.09,-0.58,0.15,0.70396,-0.07841,-0.70129,-0.08055,0,0,154867250,252
0.99,0.01,0.00,0.00,-0.64,0.12,0.70400,-0.07842,-0.70124,-0.08054,0,0,154879994,255
1.00,0.01,-0.00,0.09,-0.58,-0.15,0.70400,-0.07842,-0.70125,-0.08054,0,0,154888480,254
1.00,-0.00,-0.00,-0.09,-0.27,0.06,0.70397,-0.07846,-0.70127,-0.08051,0,0,154897051,250
1.00,0.01,-0.00,0.00,-0.37,0.15,0.70396,-0.07846,-0.70129,-0.08052,0,0,154905646,256
1.00,0.01,-0.01,-0.06,-0.40,-0.06,0.70392,-0.07848,-0.70132,-0.08052,0,0,154914164,253
1.00,0.01,0.00,0.21,-0.52,-0.15,0.70395,-0.07848,-0.70130,-0.08051,0,0,154922652,253
0.99,0.01,-0.01,0.15,-0.40,0.06,0.70393,-0.07849,-0.70132,-0.08051,0,0,154931272,254
1.00,0.01,-0.00,0.06,-0.24,-0.09,0.70393,-0.07847,-0.70131,-0.08053,0,0,154939702,254
1.00,0.01,-0.00,0.00,-0.49,-0.09,0.70397,-0.07847,-0.70127,-0.08054,0,0,154952477,253
1.00,0.01,-0.00,0.21,-0.40,0.27,0.70398,-0.07847,-0.70126,-0.08055,0,0,154960980,254
1.00,0.01,-0.00,0.12,-0.55,0.18,0.70397,-0.07849,-0.70127,-0.08053,0,0,154969496,256
1.00,0.00,0.00,0.21,-0.49,0.15,0.70399,-0.07851,-0.70126,-0.08051,0,0,154977973,255
1.00,0.00,-0.00,0.00,-0.27,-0.03,0.70400,-0.07852,-0.70124,-0.08051,0,0,154986472,253
1.00,0.01,-0.00,-0.12,-0.55,0.12,0.70400,-0.07853,-0.70124,-0.08051,0,0,154994956,253
0.99,0.02,-0.00,0.09,-0.43,-0.03,0.70399,-0.07849,-0.70125,-0.08056,0,0,155003539,253
0.99,0.01,-0.00,0.15,-0.52,-0.03,0.70399,-0.07850,-0.70125,-0.08055,0,0,155012063,254
1.00,0.00,0.00,0.18,-0.52,0.09,0.70401,-0.07853,-0.70123,-0.08052,0,0,155020607,256
0.99,0.01,-0.00,0.09,-0.58,0.09,0.70401,-0.07853,-0.70123,-0.08052,0,0,155029045,254
1.00,0.01,-0.00,0.21,-0.55,0.03,0.70400,-0.07851,-0.70123,-0.08054,0,0,155037611,255
1.00,0.01,-0.00,0.09,-0.52,0.21,0.70401,-0.07851,-0.70122,-0.08055,0,0,155046065,256
0.99,0.02,-0.01,-0.06,-0.64,-0.31,0.70397,-0.07850,-0.70127,-0.08058,0,0,155054623,253
0.99,0.01,-0.00,0.00,-0.43,-0.12,0.70398,-0.07848,-0.70126,-0.08060,0,0,155063255,252
1.00,0.01,0.00,0.09,-0.43,-0.21,0.70400,-0.07847,-0.70123,-0.08062,0,0,155071806,252
1.00,0.00,0.01,0.18,-0.49,0.00,0.70401,-0.07847,-0.70122,-0.08062,0,0,155080377,257
1.00,0.01,0.00,0.12,-0.43,-0.15,0.70404,-0.07846,-0.70119,-0.08063,0,0,155088802,252
1.00,0.01,-0.01,0.18,-0.52,0.12,0.70403,-0.07847,-0.70121,-0.08062,0,0,155097382,257
1.00,0.00,-0.01,0.15,-0.58,0.12,0.70400,-0.07850,-0.70123,-0.08059,0,0,155105898,256
1.00,0.00,-0.00,0.24,-0.52,0.03,0.70399,-0.07851,-0.70124,-0.08057,0,0,155114434,256
0.99,0.00,0.00,0.18,-0.24,-0.09,0.70404,-0.07852,-0.70119,-0.08056,0,0,155127274,252
1.00,0.01,-0.00,0.21,-0.37,-0.18,0.70405,-0.07851,-0.70118,-0.08057,0,0,155140107,254
1.00,0.01,-0.00,0.03,-0.31,-0.06,0.70404,-0.07849,-0.70119,-0.08060,0,0,155148696,254
1.00,0.01,-0.00,-0.03,-0.40,0.00,0.70404,-0.07852,-0.70119,-0.08057,0,0,155157260,252
1.00,0.01,-0.00,0.00,-0.46,0.34,0.70406,-0.07854,-0.70117,-0.08057,0,0,155174256,256
1.00,0.01,0.00,-0.03,-0.37,0.00,0.70407,-0.07856,-0.70116,-0.08057,0,0,155182746,255
1.00,0.01,-0.01,0.31,-0.58,0.03,0.70406,-0.07855,-0.70117,-0.08057,0,0,155191335,256
1.00,0.01,-0.00,0.00,-0.34,0.06,0.70406,-0.07856,-0.70116,-0.08058,0,0,155199864,256
1.00,0.01,-0.00,0.18,-0.61,0.21,0.70407,-0.07856,-0.70116,-0.08059,0,0,155208388,256
1.00,0.01,-0.01,0.31,-0.52,0.00,0.70407,-0.07857,-0.70116,-0.08058,0,0,155216896,257
1.00,0.01,-0.00,0.06,-0.43,-0.09,0.70407,-0.07857,-0.70116,-0.08059,0,0,155225448,253
1.00,0.01,-0.01,0.06,-0.67,-0.12,0.70406,-0.07858,-0.70116,-0.08058,0,0,155233917,254
1.00,0.01,-0.01,0.18,-0.52,0.03,0.70405,-0.07858,-0.70117,-0.08059,0,0,155242535,255
1.00,0.00,0.01,-0.06,-0.31,-0.03,0.70407,-0.07859,-0.70115,-0.08058,0,0,155251043,252
1.00,0.01,-0.01,0.06,-0.46,-0.12,0.70404,-0.07857,-0.70118,-0.08061,0,0,155259607,253
1.00,0.01,-0.01,0.12,-0.61,0.03,0.70406,-0.07857,-0.70116,-0.08061,0,0,155268088,256
0.99,0.01,-0.00,0.06,-0.58,-0.03,0.70403,-0.07855,-0.70119,-0.08063,0,0,155280917,254
1.00,0.01,-0.01,0.18,-0.06,0.18,0.70404,-0.07855,-0.70118,-0.08063,0,0,155289540,255
1.00,0.01,0.00,-0.03,-0.58,-0.18,0.70404,-0.07856,-0.70118,-0.08064,0,0,155298017,252
0.99,0.01,-0.00,0.03,-0.34,-0.03,0.70405,-0.07855,-0.70117,-0.08065,0,0,155306589,253
1.00,0.01,0.00,-0.03,-0.52,0.06,0.70408,-0.07855,-0.70114,-0.08066,0,0,155315084,253
1.01,0.01,-0.00,0.03,-0.24,0.06,0.70407,-0.07854,-0.70115,-0.08069,0,0,155327864,255
1.00,-0.00,-0.01,0.09,-0.52,0.06,0.70405,-0.07858,-0.70117,-0.08065,0,0,155336357,254
0.99,0.00,-0.00,0.15,-0.43,0.09,0.70405,-0.07860,-0.70117,-0.08063,0,0,155344863,255
1.00,0.01,-0.00,0.06,-0.15,0.03,0.70406,-0.07860,-0.70116,-0.08063,0,0,155353391,256
1.00,0.01,0.00,0.15,-0.61,0.03,0.70405,-0.07860,-0.70117,-0.08065,0,0,155361897,257
1.00,0.01,-0.00,0.03,-0.43,0.18,0.70404,-0.07862,-0.70117,-0.08064,0,0,155370391,256
1.01,0.01,-0.00,-0.03,-0.64,-0.06,0.70403,-0.07861,-0.70118,-0.08065,0,0,155378899,254
0.99,0.01,-0.00,0.15,-0.58,0.06,0.70401,-0.07862,-0.70120,-0.08064,0,0,155387478,256
1.00,0.01,-0.00,0.06,-0.46,-0.09,0.70400,-0.07862,-0.70121,-0.08065,0,0,155395966,253
0.99,0.01,0.00,0.03,-0.49,0.06,0.70400,-0.07862,-0.70121,-0.08065,0,0,155404522,257
1.00,0.01,0.00,-0.03,-0.43,-0.03,0.70402,-0.07862,-0.70119,-0.08067,0,0,155412973,253
1.00,0.01,-0.01,0.03,-0.46,-0.12,0.70400,-0.07859,-0.70121,-0.08070,0,0,155421487,255
1.00,0.01,-0.00,0.06,-0.58,0.09,0.70399,-0.07859,-0.70122,-0.08071,0,0,155430051,256
1.00,0.00,-0.01,0.09,-0.49,-0.03,0.70398,-0.07862,-0.70122,-0.08068,0,0,155438560,254
1.00,0.01,-0.00,0.06,-0.58,0.09,0.70398,-0.07863,-0.70122,-0.08068,0,0,155447109,257
1.00,0.01,-0.01,0.03,-0.43,0.03,0.70400,-0.07860,-0.70121,-0.08071,0,0,155455658,255
1.00,0.01,-0.00,0.03,-0.46,-0.12,0.70399,-0.07862,-0.70122,-0.08069,0,0,155464192,253
1.00,0.01,-0.01,0.00,-0.40,-0.03,0.70399,-0.07863,-0.70122,-0.08068,0,0,155472712,254
1.00,0.01,-0.00,0.00,-0.49,0.15,0.70398,-0.07864,-0.70122,-0.08069,0,0,155481329,255
1.00,0.01,-0.01,0.03,-0.43,-0.09,0.70396,-0.07862,-0.70125,-0.08071,0,0,155498392,254
0.99,0.00,-0.00,0.21,-0.27,0.00,0.70400,-0.07864,-0.70120,-0.08071,0,0,155515415,256
1.00,0.01,-0.01,0.03,-0.43,-0.12,0.70401,-0.07864,-0.70120,-0.08071,0,0,155523868,253
1.00,0.01,-0.01,0.12,-0.52,-0.21,0.70397,-0.07864,-0.70123,-0.08071,0,0,155532432,253
1.00,0.01,-0.01,0.09,-0.31,-0.03,0.70399,-0.07865,-0.70121,-0.08070,0,0,155540977,253
1.00,0.01,-0.00,0.24,-0.43,-0.12,0.70401,-0.07864,-0.70119,-0.08073,0,0,155553880,253
0.99,0.01,-0.00,0.09,-0.55,-0.12,0.70400,-0.07866,-0.70120,-0.08071,0,0,155579466,253
1.00,0.01,-0.01,0.15,-0.34,-0.12,0.70399,-0.07867,-0.70121,-0.08070,0,0,155592366,253
1.00,0.01,-0.00,0.15,-0.40,-0.12,0.70401,-0.07865,-0.70119,-0.08072,0,0,155600861,253
1.00,0.01,-0.01,0.31,-0.27,-0.09,0.70399,-0.07863,-0.70121,-0.08073,0,0,155609433,254
1.00,0.00,0.00,-0.06,-0.34,0.03,0.70401,-0.07865,-0.70119,-0.08073,0,0,155617980,253
1.00,0.01,0.00,0.15,-0.49,0.21,0.70397,-0.07863,-0.70123,-0.08076,0,0,155643643,255
1.00,0.01,-0.01,0.09,-0.49,0.00,0.70396,-0.07865,-0.70124,-0.08074,0,0,155656477,255
1.00,0.01,-0.01,0.06,-0.64,0.09,0.70392,-0.07865,-0.70128,-0.08074,0,0,155664958,255
1.00,0.00,-0.00,0.00,-0.46,-0.09,0.70389,-0.07867,-0.70131,-0.08073,0,0,155677722,254
1.00,0.01,-0.00,0.15,-0.49,0.15,0.70391,-0.07872,-0.70129,-0.08069,0,0,155703323,256
1.00,0.00,-0.00,0.18,-0.58,0.06,0.70393,-0.07871,-0.70127,-0.08071,0,0,155711848,255
1.00,0.01,-0.00,0.09,-0.37,0.00,0.70393,-0.07868,-0.70127,-0.08074,0,0,155720379,257
1.00,0.01,-0.01,0.21,-0.46,0.09,0.70390,-0.07870,-0.70130,-0.08072,0,0,155728865,256
1.00,0.01,0.00,0.06,-0.37,0.00,0.70390,-0.07870,-0.70130,-0.08072,0,0,155737389,257
1.00,0.01,-0.00,0.09,-0.43,0.00,0.70389,-0.07871,-0.70131,-0.08072,0,0,155750075,256
0.99,0.01,-0.00,0.15,-0.61,0.15,0.70390,-0.07870,-0.70129,-0.08074,0,0,155758640,255
1.00,0.01,-0.00,0.06,-0.43,-0.12,0.70389,-0.07867,-0.70130,-0.08077,0,0,155767224,253
1.00,0.01,0.00,0.18,-0.40,-0.06,0.70393,-0.07865,-0.70126,-0.08078,0,0,155779977,253
1.00,0.01,-0.01,0.06,-0.46,0.09,0.70391,-0.07867,-0.70129,-0.08077,0,0,155788593,256
1.00,0.01,0.00,0.06,-0.37,-0.15,0.70395,-0.07864,-0.70124,-0.08080,0,0,155814103,254
1.01,0.00,-0.00,-0.09,-0.27,-0.18,0.70398,-0.07864,-0.70121,-0.08082,0,0,155826981,252
1.00,0.00,-0.00,0.15,-0.64,-0.03,0.70394,-0.07865,-0.70125,-0.08084,0,0,155844202,254
1.00,0.01,-0.01,0.12,-0.46,-0.12,0.70395,-0.07865,-0.70124,-0.08083,0,0,155852694,254
1.00,0.01,-0.00,-0.03,-0.34,0.03,0.70394,-0.07865,-0.70125,-0.08084,0,0,155861270,252
1.00,0.01,-0.01,0.12,-0.52,-0.18,0.70393,-0.07865,-0.70125,-0.08084,0,0,155869747,255
1.00,0.01,-0.01,0.09,-0.27,-0.09,0.70392,-0.07864,-0.70127,-0.08085,0,0,155878328,252
1.00,0.01,-0.00,0.06,-0.12,-0.15,0.70392,-0.07864,-0.70127,-0.08085,0,0,155886861,253
1.00,0.00,-0.00,0.21,-0.67,0.03,0.70388,-0.07863,-0.70131,-0.08086,0,0,155903898,255
1.00,0.01,-0.00,0.12,-0.40,0.06,0.70389,-0.07862,-0.70129,-0.08089,0,0,155920980,256
0.99,0.00,-0.00,0.09,-0.55,0.06,0.70390,-0.07865,-0.70128,-0.08085,0,0,155929531,257
1.00,0.01,0.00,0.09,-0.52,0.27,0.70391,-0.07864,-0.70127,-0.08088,0,0,155938047,255
1.00,0.00,0.00,0.09,-0.46,-0.24,0.70393,-0.07866,-0.70126,-0.08087,0,0,155946593,253
1.00,0.01,-0.01,0.12,-0.40,-0.03,0.70393,-0.07865,-0.70125,-0.08088,0,0,155959374,254
1.00,0.01,-0.01,0.06,-0.55,0.00,0.70389,-0.07867,-0.70129,-0.08087,0,0,155967949,255
1.00,0.01,-0.00,0.15,-0.58,0.09,0.70390,-0.07868,-0.70128,-0.08087,0,0,155976446,256
1.00,0.01,-0.01,0.09,-0.46,-0.03,0.70387,-0.07869,-0.70131,-0.08087,0,0,155984977,252
1.00,0.01,-0.00,0.15,-0.52,0.09,0.70387,-0.07868,-0.70131,-0.08088,0,0,155993555,256
0.99,0.00,0.00,0.18,-0.55,0.00,0.70391,-0.07869,-0.70127,-0.08086,0,0,156002039,255
0.99,0.01,-0.00,0.15,-0.31,-0.03,0.70392,-0.07869,-0.70126,-0.08087,0,0,156010557,253
1.00,0.01,-0.00,0.12,-0.40,-0.21,0.70392,-0.07868,-0.70126,-0.08088,0,0,156019084,253
0.99,0.00,0.00,0.06,-0.34,-0.03,0.70392,-0.07870,-0.70125,-0.08087,0,0,156027619,253
1.00,0.01,-0.01,-0.06,-0.70,0.12,0.70391,-0.07872,-0.70126,-0.08086,0,0,156036101,254
0.99,0.01,-0.01,0.00,-0.49,0.03,0.70392,-0.07873,-0.70126,-0.08086,0,0,156044654,257
0.99,0.01,0.00,0.12,-0.58,-0.03,0.70391,-0.07870,-0.70127,-0.08090,0,0,156057433,253
1.00,0.01,-0.01,0.18,-0.43,0.03,0.70389,-0.07871,-0.70129,-0.08089,0,0,156065979,256
1.00,0.01,-0.00,0.12,-0.34,-0.09,0.70389,-0.07872,-0.70128,-0.08089,0,0,156074506,254
1.00,0.00,0.01,0.12,-0.43,-0.06,0.70392,-0.07873,-0.70125,-0.08088,0,0,156083079,253
1.00,0.00,-0.00,0.12,-0.40,0.06,0.70393,-0.07873,-0.70124,-0.08088,0,0,156091623,256
1.00,0.01,-0.00,-0.12,-0.46,0.06,0.70394,-0.07875,-0.70123,-0.08088,0,0,156100190,254
1.00,0.01,0.00,0.09,-0.46,0.18,0.70395,-0.07874,-0.70122,-0.08090,0,0,156108749,256
1.00,0.01,-0.00,0.00,-0.49,-0.09,0.70393,-0.07874,-0.70123,-0.08090,0,0,156117249,252
1.00,0.00,-0.00,0.12,-0.46,-0.09,0.70395,-0.07876,-0.70122,-0.08089,0,0,156125730,254
0.99,0.01,-0.01,0.09,-0.37,-0.06,0.70393,-0.07874,-0.70124,-0.08091,0,0,156134327,253
1.00,0.01,-0.01,0.27,-0.46,-0.09,0.70391,-0.07874,-0.70126,-0.08091,0,0,156142846,253
1.01,0.01,0.00,0.03,-0.37,-0.15,0.70395,-0.07876,-0.70121,-0.08090,0,0,156151328,254
1.00,0.01,-0.00,-0.09,-0.64,-0.06,0.70393,-0.07879,-0.70124,-0.08088,0,0,156164109,255
1.00,0.01,-0.00,-0.18,-0.49,0.00,0.70392,-0.07880,-0.70124,-0.08089,0,0,156172644,254
0.99,0.01,-0.01,0.12,-0.58,0.34,0.70391,-0.07883,-0.70125,-0.08088,0,0,156181252,256
1.00,0.01,-0.01,0.12,-0.46,0.24,0.70389,-0.07884,-0.70128,-0.08086,0,0,156193981,255
1.00,0.01,0.00,0.12,-0.55,-0.03,0.70389,-0.07885,-0.70127,-0.08086,0,0,156202496,254
1.01,0.01,-0.00,-0.12,-0.43,-0.06,0.70388,-0.07884,-0.70128,-0.08088,0,0,156211051,252
1.00,0.01,-0.00,0.12,-0.43,0.15,0.70385,-0.07883,-0.70131,-0.08089,0,0,156232452,256
1.00,0.01,0.00,0.15,-0.58,-0.09,0.70387,-0.07882,-0.70129,-0.08091,0,0,156245315,251
1.00,0.01,-0.00,0.09,-0.34,-0.09,0.70385,-0.07882,-0.70131,-0.08092,0,0,156266609,253
1.00,0.01,-0.01,0.12,-0.34,0.03,0.70384,-0.07883,-0.70132,-0.08092,0,0,156279416,255
1.00,0.01,0.00,-0.03,-0.40,-0.18,0.70386,-0.07881,-0.70130,-0.08094,0,0,156287929,252
1.00,0.01,0.00,0.12,-0.64,-0.09,0.70385,-0.07881,-0.70130,-0.08096,0,0,156313611,253
1.00,0.01,-0.00,0.06,-0.46,-0.31,0.70388,-0.07878,-0.70127,-0.08098,0,0,156322222,253
0.99,0.01,0.00,0.03,-0.55,0.06,0.70388,-0.07878,-0.70127,-0.08099,0,0,156330752,257
0.99,0.01,-0.01,0.18,-0.67,-0.21,0.70388,-0.07881,-0.70127,-0.08096,0,0,156339306,252
1.00,0.01,-0.01,0.18,-0.46,-0.18,0.70387,-0.07883,-0.70128,-0.08095,0,0,156347834,253
1.00,0.01,-0.00,0.15,-0.46,0.03,0.70386,-0.07884,-0.70129,-0.08095,0,0,156360582,256
1.00,0.01,0.00,-0.09,-0.49,0.06,0.70388,-0.07883,-0.70127,-0.08098,0,0,156369076,253
1.00,0.01,-0.00,0.24,-0.52,-0.09,0.70390,-0.07884,-0.70125,-0.08098,0,0,156381932,252
0.99,0.01,-0.00,0.06,-0.76,-0.06,0.70389,-0.07884,-0.70126,-0.08098,0,0,156390522,255
0.99,0.02,-0.00,0.18,-0.61,0.09,0.70391,-0.07883,-0.70124,-0.08099,0,0,156399039,255
1.00,0.01,-0.01,0.09,-0.55,-0.24,0.70389,-0.07884,-0.70126,-0.08099,0,0,156407574,253
1.00,0.01,-0.00,-0.03,-0.37,-0.03,0.70383,-0.07881,-0.70132,-0.08102,0,0,156420474,253
1.00,0.00,-0.00,0.06,-0.24,-0.12,0.70383,-0.07883,-0.70132,-0.08103,0,0,156437614,253
1.00,0.00,-0.00,0.09,-0.55,-0.18,0.70385,-0.07885,-0.70130,-0.08101,0,0,156446087,254
1.00,0.01,0.00,0.09,-0.55,-0.18,0.70385,-0.07885,-0.70129,-0.08101,0,0,156454625,253
1.00,0.01,0.00,0.24,-0.61,0.12,0.70384,-0.07886,-0.70130,-0.08100,0,0,156463262,256
1.00,0.01,-0.00,0.06,-0.37,-0.06,0.70382,-0.07890,-0.70132,-0.08098,0,0,156484533,255
0.99,0.01,0.00,0.18,-0.21,-0.24,0.70383,-0.07886,-0.70132,-0.08101,0,0,156497391,254
1.00,0.01,-0.00,0.12,-0.37,-0.18,0.70380,-0.07888,-0.70134,-0.08100,0,0,156510166,253
1.00,0.01,-0.01,-0.03,-0.55,-0.21,0.70378,-0.07891,-0.70136,-0.08098,0,0,156531590,253
1.00,0.01,-0.00,-0.18,-0.18,0.12,0.70379,-0.07890,-0.70135,-0.08101,0,0,156544441,253
1.00,0.01,-0.01,0.03,-0.43,-0.09,0.70378,-0.07894,-0.70136,-0.08097,0,0,156561509,254
1.00,0.01,-0.01,0.27,-0.46,-0.12,0.70376,-0.07898,-0.70138,-0.08095,0,0,156578621,253
1.00,0.01,-0.00,0.21,-0.49,0.12,0.70378,-0.07900,-0.70135,-0.08093,0,0,156595815,255
1.00,0.01,-0.00,0.18,-0.58,0.00,0.70376,-0.07900,-0.70138,-0.08092,0,0,156608567,256
1.00,0.01,-0.00,0.15,-0.34,-0.15,0.70378,-0.07898,-0.70136,-0.08095,0,0,156625660,253
1.00,0.01,-0.00,0.06,-0.58,-0.09,0.70377,-0.07900,-0.70137,-0.08096,0,0,156642846,253
1.00,0.01,-0.00,0.18,-0.43,0.15,0.70376,-0.07904,-0.70137,-0.08093,0,0,156655694,256
0.99,0.01,-0.00,0.06,-0.40,-0.18,0.70376,-0.07906,-0.70137,-0.08091,0,0,156668481,254
1.00,0.00,-0.02,0.15,-0.55,-0.03,0.70374,-0.07908,-0.70140,-0.08089,0,0,156685619,253
1.00,0.01,-0.00,0.21,-0.43,-0.15,0.70377,-0.07909,-0.70137,-0.08090,0,0,156702702,254
1.00,0.01,-0.00,0.09,-0.49,-0.15,0.70375,-0.07911,-0.70138,-0.08087,0,0,156719745,255
1.00,0.01,0.00,-0.03,-0.37,0.09,0.70378,-0.07910,-0.70135,-0.08088,0,0,156732567,254
1.00,0.01,-0.01,0.15,-0.49,0.12,0.70376,-0.07907,-0.70137,-0.08092,0,0,156749603,256
1.00,0.01,-0.00,0.09,-0.34,-0.03,0.70377,-0.07904,-0.70136,-0.08095,0,0,156766580,253
1.00,0.01,-0.01,0.06,-0.58,-0.15,0.70379,-0.07905,-0.70134,-0.08094,0,0,156779418,253
0.99,0.01,-0.00,0.18,-0.40,0.06,0.70378,-0.07903,-0.70135,-0.08096,0,0,156787977,255
1.00,0.01,-0.01,0.06,-0.55,0.03,0.70377,-0.07904,-0.70136,-0.08095,0,0,156809310,254
1.00,0.01,-0.00,0.12,-0.52,-0.18,0.70379,-0.07905,-0.70134,-0.08096,0,0,156830643,253
1.00,0.01,0.00,-0.09,-0.37,-0.03,0.70380,-0.07905,-0.70133,-0.08097,0,0,156839245,252
1.00,0.01,-0.01,0.09,-0.46,-0.03,0.70373,-0.07904,-0.70140,-0.08098,0,0,156860607,253
1.00,0.01,-0.01,0.15,-0.49,0.09,0.70374,-0.07903,-0.70139,-0.08099,0,0,156873479,256
1.00,0.01,-0.01,0.15,-0.34,0.15,0.70369,-0.07901,-0.70143,-0.08101,0,0,156890521,257
1.00,0.01,-0.00,0.09,-0.58,-0.06,0.70369,-0.07904,-0.70144,-0.08100,0,0,156907599,253
1.00,0.01,0.00,0.15,-0.49,0.09,0.70371,-0.07901,-0.70142,-0.08102,0,0,156920479,257
1.00,0.01,-0.00,-0.06,-0.43,0.12,0.70371,-0.07901,-0.70141,-0.08105,0,0,156937417,253
1.00,0.00,-0.01,0.12,-0.31,-0.12,0.70370,-0.07904,-0.70142,-0.08102,0,0,156950314,252
1.00,0.01,0.00,0.00,-0.37,-0.03,0.70375,-0.07902,-0.70137,-0.08105,0,0,156967479,254
1.00,0.01,-0.00,0.27,-0.67,0.00,0.70376,-0.07900,-0.70137,-0.08106,0,0,156984604,256
1.00,0.01,-0.00,0.03,-0.49,0.15,0.70372,-0.07901,-0.70140,-0.08106,0,0,157001654,256
1.00,0.01,0.01,-0.03,-0.52,-0.18,0.70373,-0.07902,-0.70139,-0.08106,0,0,157014437,253
1.00,0.01,0.00,-0.12,-0.55,0.00,0.70373,-0.07902,-0.70138,-0.08108,0,0,157031521,255
1.00,0.01,-0.01,0.06,-0.49,-0.06,0.70374,-0.07901,-0.70138,-0.08110,0,0,157044363,253
1.00,0.01,-0.01,0.06,-0.55,-0.21,0.70374,-0.07896,-0.70137,-0.08114,0,0,157061416,253
